1 0 -0.47906 0.007301 -0.47906 0.007301 -0.486659 -3.24913e-18 -0.486659 0 0 0 -0.17432 0 -0.248724 0 -0.17432 0 0
2 0 -0.476627 0.00692673 -0.476249 0.00661717 -0.483555 -0.000447668 -0.483933 0 0 1.04506e-05 -0.173174 0.00044074 -0.246811 0.000875146 -0.173313 0.000875146 0
3 0 -0.476682 0.00693288 -0.476283 0.00660165 -0.483593 -0.000467069 -0.483992 0 0 6.90045e-06 -0.173217 0.0004286 -0.246865 0.000854398 -0.173332 0.000854398 0
4 0 -0.47668 0.00693266 -0.476282 0.0066021 -0.483592 -0.000466473 -0.483991 0 0 7.24505e-06 -0.173215 0.000429353 -0.246863 0.000855447 -0.173331 0.000855447 0
5 0 -0.476681 0.00693266 -0.476282 0.00660208 -0.483592 -0.000466501 -0.483991 0 0 7.23369e-06 -0.173216 0.000429329 -0.246864 0.000855415 -0.173331 0.000855415 0
6 0 -0.476681 0.00693266 -0.476282 0.00660208 -0.483592 -0.0004665 -0.483991 0 0 7.23387e-06 -0.173216 0.00042933 -0.246864 0.000855416 -0.173331 0.000855416 0
7 0 -0.476681 0.00693266 -0.476282 0.00660208 -0.483592 -0.0004665 -0.483991 0 0 7.23375e-06 -0.173216 0.00042933 -0.246864 0.000855415 -0.173331 0.000855415 0
8 0 -0.476681 0.00693266 -0.476282 0.00660208 -0.483592 -0.0004665 -0.483991 0 0 7.23372e-06 -0.173216 0.00042933 -0.246864 0.000855415 -0.173331 0.000855415 0
9 0 -0.476681 0.00693266 -0.476282 0.00660208 -0.483592 -0.0004665 -0.483991 0 0 7.23373e-06 -0.173216 0.00042933 -0.246864 0.000855415 -0.173331 0.000855415 0
10 0 -0.476681 0.00693266 -0.476282 0.00660208 -0.483592 -0.0004665 -0.483991 0 0 7.23375e-06 -0.173216 0.00042933 -0.246864 0.000855415 -0.173331 0.000855415 0
