0.1 0 0 -5.09824e-19 0 0 -0.000665503 -7.9883e-19 -0.000665503 0 -0.000887337 -1.02178e-18 -0.000887337 -2.58478e-20 0 0 0 1.30646e-18 -0.000665503 0 -0.000665503 5.64379e-19 -0.000887337 0 -0.000887337 -5.67711e-19 0 1.3244e-19 -6.58236e-29 8.32873e-19 -6.58236e-29 1.53359e-18 -6.58236e-29 2.28489 0 2.28489 0 9.13957 0 9.13957 0 6.85468 0 6.85468 0
0.2 0 0 -5.69978e-19 0 0 -0.000665503 -8.41601e-19 -0.000665503 0 -0.000887337 -1.04715e-18 -0.000887337 -8.60011e-20 0 0 0 1.26369e-18 -0.000665503 0 -0.000665503 5.39014e-19 -0.000887337 0 -0.000887337 -6.36559e-19 0 8.09824e-20 1.29193e-23 7.98817e-19 1.28935e-23 1.51694e-18 6.4509e-24 2.28489 0 2.28489 0 9.13957 0 9.13957 0 6.85468 0 6.85468 0
0.3 0 0 -4.51137e-19 0 0 -0.000665503 -7.97581e-19 -0.000665503 0 -0.000887337 -1.07804e-18 -0.000887337 3.28399e-20 0 0 0 1.30771e-18 -0.000665503 0 -0.000665503 5.08127e-19 -0.000887337 0 -0.000887337 -4.8029e-19 0 1.62393e-19 1.21752e-21 8.05331e-19 2.06641e-21 1.44852e-18 5.34788e-21 2.28489 0 2.28489 0 9.13957 0 9.13957 0 6.85468 0 6.85468 0
0.4 0 0 -4.63938e-19 0 0 -0.000665503 -8.07043e-19 -0.000665503 0 -0.000887337 -1.08412e-18 -0.000887337 2.00382e-20 0 0 0 1.29825e-18 -0.000665503 0 -0.000665503 5.02047e-19 -0.000887337 0 -0.000887337 -4.94757e-19 0 1.51258e-19 2.60859e-21 7.97558e-19 4.49491e-21 1.44414e-18 1.12868e-20 2.28489 0 2.28489 0 9.13957 0 9.13957 0 6.85468 0 6.85468 0
0.5 0 0 -4.62008e-19 0 0 -0.000665503 -8.64897e-19 -0.000665503 0 -0.000887337 -1.20178e-18 -0.000887337 2.19681e-20 0 0 0 1.24039e-18 -0.000665503 0 -0.000665503 3.84381e-19 -0.000887337 0 -0.000887337 -4.62916e-19 0 1.23277e-19 3.96254e-21 7.09751e-19 6.85115e-21 1.29651e-18 1.70972e-20 2.28489 0 2.28489 0 9.13957 0 9.13957 0 6.85468 0 6.85468 0
0.6 0 0 -3.54916e-19 0 0 -0.000665503 -7.95391e-19 -0.000665503 0 -0.000887337 -1.16795e-18 -0.000887337 1.29061e-19 0 0 0 1.3099e-18 -0.000665503 0 -0.000665503 4.18211e-19 -0.000887337 0 -0.000887337 -3.36725e-19 0 2.11366e-19 3.16638e-21 7.61195e-19 4.94702e-21 1.31276e-18 1.57526e-20 2.28489 0 2.28489 0 9.13957 0 9.13957 0 6.85468 0 6.85468 0
0.7 0 0 -3.26903e-19 0 0 -0.000665503 -8.0355e-19 -0.000665503 0 -0.000887337 -1.21219e-18 -0.000887337 1.57073e-19 0 0 0 1.30174e-18 -0.000665503 0 -0.000665503 3.7397e-19 -0.000887337 0 -0.000887337 -2.90598e-19 0 2.21269e-19 1.48931e-21 7.34956e-19 1.21572e-21 1.25046e-18 1.18185e-20 2.28489 0 2.28489 0 9.13957 0 9.13957 0 6.85468 0 6.85468 0
0.8 0 0 -5.24158e-19 0 0 -0.000665503 -9.37523e-19 -0.000665503 0 -0.000887337 -1.28282e-18 -0.000887337 -4.01816e-20 0 0 0 1.16777e-18 -0.000665503 0 -0.000665503 3.03342e-19 -0.000887337 0 -0.000887337 -5.1951e-19 0 5.56735e-20 1.3441e-22 6.32701e-19 -1.84031e-21 1.21157e-18 8.80687e-21 2.28489 0 2.28489 0 9.13957 0 9.13957 0 6.85468 0 6.85468 0
0.1 0 0 2.71736e-19 0 0 8.8352e-18 1.73678e-19 -1.0361e-17 0 -7.35848e-18 7.79523e-20 3.9357e-17 2.64382e-19 0 0 0 1.25366e-19 -9.06945e-18 0 1.02302e-17 2.31692e-19 4.13056e-17 0 -5.79466e-18 3.21119e-19 0 2.22468e-19 -3.353e-24 1.25576e-19 4.78082e-25 3.04356e-20 -3.96829e-23 2.28489 0 2.28489 0 9.13957 0 9.13957 0 6.85468 0 6.85468 0
0.2 0 0 2.35996e-19 0 0 8.79938e-18 1.14792e-19 -1.02216e-17 0 -7.093e-18 -4.08357e-21 3.92563e-17 2.28642e-19 0 0 0 6.64796e-20 -9.07434e-18 0 1.00336e-17 1.49656e-19 4.07151e-17 0 -5.81352e-18 2.96951e-19 0 1.75156e-19 -3.54472e-24 5.51146e-20 -6.87535e-24 -6.31743e-20 -1.23767e-23 2.28489 0 2.28489 0 9.13957 0 9.13957 0 6.85468 0 6.85468 0
0.3 0 0 1.95281e-19 0 0 8.77891e-18 1.05402e-19 -1.02692e-17 0 -7.13413e-18 1.78548e-20 3.91436e-17 1.87927e-19 0 0 0 5.70889e-20 -9.09651e-18 0 9.9976e-18 1.71595e-19 4.06544e-17 0 -5.84486e-18 2.40575e-19 0 1.50102e-19 -1.54831e-24 6.13883e-20 -3.20765e-24 -2.55705e-20 -4.58764e-24 2.28489 0 2.28489 0 9.13957 0 9.13957 0 6.85468 0 6.85468 0
0.4 0 0 2.12497e-19 0 0 8.8014e-18 1.00985e-19 -1.01752e-17 0 -7.05568e-18 -8.19814e-21 3.92291e-17 2.05143e-19 0 0 0 5.26723e-20 -8.9962e-18 0 1.01069e-17 1.45542e-19 4.07468e-17 0 -5.72265e-18 2.68604e-19 0 1.56503e-19 2.36923e-24 4.6153e-20 5.04777e-24 -6.24412e-20 6.46331e-24 2.28489 0 2.28489 0 9.13957 0 9.13957 0 6.85468 0 6.85468 0
