0.1 0 0 0.000493026 0 0 -0.000917711 0.000322659 -0.000835483 0 -0.00126086 0.000116329 -0.00116321 -0.000493026 0 0 0 -0.000322659 -0.000835483 0 -0.000917711 -0.000116329 -0.00116321 0 -0.00126086 0 0 1.35812e-07 0 4.75343e-07 0 9.16732e-07 0 0 0 0 0 0 0 0 0
0.2 0 0 0.000493026 0 0 -0.000917711 0.000322659 -0.000835483 0 -0.00126086 0.000116329 -0.00116321 -0.000493026 0 0 0 -0.000322659 -0.000835483 0 -0.000917711 -0.000116329 -0.00116321 0 -0.00126086 0 0 2.71624e-07 0 9.50686e-07 0 1.83346e-06 0 0 0 0 0 0 0 0 0
0.3 0 0 0.000493026 0 0 -0.000917711 0.000322659 -0.000835483 0 -0.00126086 0.000116329 -0.00116321 -0.000493026 0 0 0 -0.000322659 -0.000835483 0 -0.000917711 -0.000116329 -0.00116321 0 -0.00126086 0 0 4.07437e-07 0 1.42603e-06 0 2.7502e-06 0 0 0 0 0 0 0 0 0
0.4 0 0 0.000493026 0 0 -0.000917711 0.000322659 -0.000835483 0 -0.00126086 0.000116329 -0.00116321 -0.000493026 0 0 0 -0.000322659 -0.000835483 0 -0.000917711 -0.000116329 -0.00116321 0 -0.00126086 0 0 5.43249e-07 0 1.90137e-06 0 3.66693e-06 0 0 0 0 0 0 0 0 0
0.5 0 0 0.000493026 0 0 -0.000917711 0.000322659 -0.000835483 0 -0.00126086 0.000116329 -0.00116321 -0.000493026 0 0 0 -0.000322659 -0.000835483 0 -0.000917711 -0.000116329 -0.00116321 0 -0.00126086 0 0 6.79061e-07 0 2.37671e-06 0 4.58366e-06 0 0 0 0 0 0 0 0 0
0.6 0 0 0.000493026 0 0 -0.000917711 0.000322659 -0.000835483 0 -0.00126086 0.000116329 -0.00116321 -0.000493026 0 0 0 -0.000322659 -0.000835483 0 -0.000917711 -0.000116329 -0.00116321 0 -0.00126086 0 0 8.14873e-07 0 2.85206e-06 0 5.50039e-06 0 0 0 0 0 0 0 0 0
0.7 0 0 0.000493026 0 0 -0.000917711 0.000322659 -0.000835483 0 -0.00126086 0.000116329 -0.00116321 -0.000493026 0 0 0 -0.000322659 -0.000835483 0 -0.000917711 -0.000116329 -0.00116321 0 -0.00126086 0 0 9.50686e-07 0 3.3274e-06 0 6.41713e-06 0 0 0 0 0 0 0 0 0
0.8 0 0 0.000493026 0 0 -0.000917711 0.000322659 -0.000835483 0 -0.00126086 0.000116329 -0.00116321 -0.000493026 0 0 0 -0.000322659 -0.000835483 0 -0.000917711 -0.000116329 -0.00116321 0 -0.00126086 0 0 1.0865e-06 0 3.80274e-06 0 7.33386e-06 0 0 0 0 0 0 0 0 0
0.9 0 0 0.000493026 0 0 -0.000917711 0.000322659 -0.000835483 0 -0.00126086 0.000116329 -0.00116321 -0.000493026 0 0 0 -0.000322659 -0.000835483 0 -0.000917711 -0.000116329 -0.00116321 0 -0.00126086 0 0 1.22231e-06 0 4.27808e-06 0 8.25059e-06 0 0 0 0 0 0 0 0 0
1 0 0 0.000493026 0 0 -0.000917711 0.000322659 -0.000835483 0 -0.00126086 0.000116329 -0.00116321 -0.000493026 0 0 0 -0.000322659 -0.000835483 0 -0.000917711 -0.000116329 -0.00116321 0 -0.00126086 0 0 1.35812e-06 0 4.75343e-06 0 9.16732e-06 0 0 0 0 0 0 0 0 0
