0.01 0 0 1.4602e-09 0 1.4602e-09 -1.5198e-09 6.53473e-23 -1.5198e-09 1.69752e-07 -1.0152e-07 1.69752e-07 -1.0304e-07 1.68292e-07 -1.0304e-07 1.68292e-07 -1.0152e-07
0.02 0 0 1.4602e-09 0 1.4602e-09 -1.5198e-09 1.15733e-16 -1.5198e-09 1.69752e-07 -1.0152e-07 1.69752e-07 -1.0304e-07 1.68292e-07 -1.0304e-07 1.68292e-07 -1.0152e-07
0.03 0 0 1.4602e-09 0 1.4602e-09 -1.5198e-09 1.15733e-16 -1.5198e-09 1.39969e-07 -1.0152e-07 1.3997e-07 -1.0304e-07 1.38509e-07 -1.0304e-07 1.38509e-07 -1.0152e-07
0.04 0 0 1.4602e-09 0 1.4602e-09 -1.5198e-09 9.52516e-17 -1.5198e-09 1.10187e-07 -1.0152e-07 1.10187e-07 -1.0304e-07 1.08726e-07 -1.0304e-07 1.08726e-07 -1.0152e-07
0.05 0 0 1.4602e-09 0 1.4602e-09 -1.5198e-09 7.47702e-17 -1.5198e-09 8.57394e-08 -1.0152e-07 8.57394e-08 -1.0304e-07 8.42792e-08 -1.0304e-07 8.42792e-08 -1.0152e-07
0.06 0 0 1.4602e-09 0 1.4602e-09 -1.5198e-09 5.79581e-17 -1.5198e-09 6.65308e-08 -1.0152e-07 6.65309e-08 -1.0304e-07 6.50707e-08 -1.0304e-07 6.50706e-08 -1.0152e-07
0.07 0 0 1.4602e-09 0 1.4602e-09 -1.5198e-09 4.47485e-17 -1.5198e-09 5.15909e-08 -1.0152e-07 5.15909e-08 -1.0304e-07 5.01307e-08 -1.0304e-07 5.01307e-08 -1.0152e-07
0.08 0 0 1.4602e-09 0 1.4602e-09 -1.5198e-09 3.44744e-17 -1.5198e-09 4.00464e-08 -1.0152e-07 4.00464e-08 -1.0304e-07 3.85862e-08 -1.0304e-07 3.85862e-08 -1.0152e-07
0.09 0 0 1.4602e-09 0 1.4602e-09 -1.5198e-09 2.65354e-17 -1.5198e-09 3.11212e-08 -1.0152e-07 3.11212e-08 -1.0304e-07 2.9661e-08 -1.0304e-07 2.9661e-08 -1.0152e-07
0.1 0 0 1.4602e-09 0 1.4602e-09 -1.5198e-09 2.03976e-17 -1.5198e-09 2.42333e-08 -1.0152e-07 2.42333e-08 -1.0304e-07 2.27731e-08 -1.0304e-07 2.27731e-08 -1.0152e-07
0.11 0 0 1.4602e-09 0 1.4602e-09 -1.5198e-09 1.56609e-17 -1.5198e-09 1.88976e-08 -1.0152e-07 1.88976e-08 -1.0304e-07 1.74374e-08 -1.0304e-07 1.74374e-08 -1.0152e-07
0.12 0 0 1.4602e-09 0 1.4602e-09 -1.5198e-09 1.19915e-17 -1.5198e-09 1.4726e-08 -1.0152e-07 1.4726e-08 -1.0304e-07 1.32658e-08 -1.0304e-07 1.32658e-08 -1.0152e-07
0.13 0 0 1.4602e-09 0 1.4602e-09 -1.5198e-09 9.1228e-18 -1.5198e-09 1.15246e-08 -1.0152e-07 1.15246e-08 -1.0304e-07 1.00644e-08 -1.0304e-07 1.00644e-08 -1.0152e-07
0.14 0 0 1.4602e-09 0 1.4602e-09 -1.5198e-09 6.92121e-18 -1.5198e-09 8.90527e-09 -1.0152e-07 8.90527e-09 -1.0304e-07 7.44507e-09 -1.0304e-07 7.44507e-09 -1.0152e-07
0.15 0 0 1.4602e-09 0 1.4602e-09 -1.5198e-09 5.11991e-18 -1.5198e-09 7.15904e-09 -1.0152e-07 7.15904e-09 -1.0304e-07 5.69884e-09 -1.0304e-07 5.69884e-09 -1.0152e-07
0.16 0 0 1.4602e-09 0 1.4602e-09 -1.5198e-09 3.91904e-18 -1.5198e-09 5.80087e-09 -1.0152e-07 5.80087e-09 -1.0304e-07 4.34067e-09 -1.0304e-07 4.34067e-09 -1.0152e-07
0.17 0 0 1.4602e-09 0 1.4602e-09 -1.5198e-09 2.98504e-18 -1.5198e-09 4.83074e-09 -1.0152e-07 4.83074e-09 -1.0304e-07 3.37054e-09 -1.0304e-07 3.37054e-09 -1.0152e-07
0.18 0 0 1.4602e-09 0 1.4602e-09 -1.5198e-09 2.31789e-18 -1.5198e-09 3.95762e-09 -1.0152e-07 3.95762e-09 -1.0304e-07 2.49742e-09 -1.0304e-07 2.49742e-09 -1.0152e-07
0.19 0 0 1.4602e-09 0 1.4602e-09 -1.5198e-09 1.71746e-18 -1.5198e-09 3.47256e-09 -1.0152e-07 3.47256e-09 -1.0304e-07 2.01236e-09 -1.0304e-07 2.01236e-09 -1.0152e-07
0.2 0 0 1.4602e-09 0 1.4602e-09 -1.5198e-09 1.38388e-18 -1.5198e-09 2.9875e-09 -1.0152e-07 2.9875e-09 -1.0304e-07 1.5273e-09 -1.0304e-07 1.5273e-09 -1.0152e-07
0.21 0 0 1.4602e-09 0 1.4602e-09 -1.5198e-09 1.05031e-18 -1.5198e-09 2.69646e-09 -1.0152e-07 2.69646e-09 -1.0304e-07 1.23626e-09 -1.0304e-07 1.23626e-09 -1.0152e-07
0.22 0 0 1.4602e-09 0 1.4602e-09 -1.5198e-09 8.50164e-19 -1.5198e-09 2.40542e-09 -1.0152e-07 2.40542e-09 -1.0304e-07 9.4522e-10 -1.0304e-07 9.4522e-10 -1.0152e-07
0.23 0 0 1.4602e-09 0 1.4602e-09 -1.5198e-09 6.50019e-19 -1.5198e-09 2.21139e-09 -1.0152e-07 2.21139e-09 -1.0304e-07 7.51194e-10 -1.0304e-07 7.51194e-10 -1.0152e-07
0.24 0 0 1.4602e-09 0 1.4602e-09 -1.5198e-09 5.1659e-19 -1.5198e-09 2.01737e-09 -1.0152e-07 2.01737e-09 -1.0304e-07 5.57169e-10 -1.0304e-07 5.57169e-10 -1.0152e-07
0.25 0 0 1.4602e-09 0 1.4602e-09 -1.5198e-09 3.8316e-19 -1.5198e-09 1.92036e-09 -1.0152e-07 1.92036e-09 -1.0304e-07 4.60156e-10 -1.0304e-07 4.60156e-10 -1.0152e-07
0.26 0 0 1.4602e-09 0 1.4602e-09 -1.5198e-09 3.16445e-19 -1.5198e-09 1.82334e-09 -1.0152e-07 1.82334e-09 -1.0304e-07 3.63143e-10 -1.0304e-07 3.63143e-10 -1.0152e-07
0.27 0 0 1.4602e-09 0 1.4602e-09 -1.5198e-09 2.4973e-19 -1.5198e-09 1.72633e-09 -1.0152e-07 1.72633e-09 -1.0304e-07 2.6613e-10 -1.0304e-07 2.6613e-10 -1.0152e-07
0.28 0 0 1.4602e-09 0 1.4602e-09 -1.5198e-09 1.83016e-19 -1.5198e-09 1.62932e-09 -1.0152e-07 1.62932e-09 -1.0304e-07 1.69118e-10 -1.0304e-07 1.69118e-10 -1.0152e-07
0.29 0 0 1.4602e-09 0 1.4602e-09 -1.5198e-09 1.16301e-19 -1.5198e-09 1.62932e-09 -1.0152e-07 1.62932e-09 -1.0304e-07 1.69118e-10 -1.0304e-07 1.69118e-10 -1.0152e-07
0.3 0 0 1.4602e-09 0 1.4602e-09 -1.5198e-09 1.163e-19 -1.5198e-09 1.53231e-09 -1.0152e-07 1.53231e-09 -1.0304e-07 7.2105e-11 -1.0304e-07 7.2105e-11 -1.0152e-07
0.31 0 0 1.4602e-09 0 1.4602e-09 -1.5198e-09 4.9586e-20 -1.5198e-09 1.5323e-09 -1.0152e-07 1.5323e-09 -1.0304e-07 7.21049e-11 -1.0304e-07 7.21049e-11 -1.0152e-07
0.32 0 0 1.4602e-09 0 1.4602e-09 -1.5198e-09 4.95859e-20 -1.5198e-09 1.5323e-09 -1.0152e-07 1.5323e-09 -1.0304e-07 7.2105e-11 -1.0304e-07 7.2105e-11 -1.0152e-07
0.33 0 0 1.4602e-09 0 1.4602e-09 -1.5198e-09 4.95856e-20 -1.5198e-09 1.5323e-09 -1.0152e-07 1.5323e-09 -1.0304e-07 7.21049e-11 -1.0304e-07 7.21049e-11 -1.0152e-07
0.34 0 0 1.4602e-09 0 1.4602e-09 -1.5198e-09 4.95861e-20 -1.5198e-09 1.5323e-09 -1.0152e-07 1.5323e-09 -1.0304e-07 7.2105e-11 -1.0304e-07 7.21049e-11 -1.0152e-07
0.35 0 0 1.4602e-09 0 1.4602e-09 -1.5198e-09 4.95857e-20 -1.5198e-09 1.43529e-09 -1.0152e-07 1.43529e-09 -1.0304e-07 -2.49078e-11 -1.0304e-07 -2.49077e-11 -1.0152e-07
0.36 0 0 1.4602e-09 0 1.4602e-09 -1.5198e-09 -1.7128e-20 -1.5198e-09 1.5323e-09 -1.0152e-07 1.5323e-09 -1.0304e-07 7.2105e-11 -1.0304e-07 7.21049e-11 -1.0152e-07
0.37 0 0 1.4602e-09 0 1.4602e-09 -1.5198e-09 4.95854e-20 -1.5198e-09 1.43529e-09 -1.0152e-07 1.43529e-09 -1.0304e-07 -2.49078e-11 -1.0304e-07 -2.49077e-11 -1.0152e-07
0.38 0 0 1.4602e-09 0 1.4602e-09 -1.5198e-09 -1.71285e-20 -1.5198e-09 1.5323e-09 -1.0152e-07 1.5323e-09 -1.0304e-07 7.21049e-11 -1.0304e-07 7.21049e-11 -1.0152e-07
0.39 0 0 1.4602e-09 0 1.4602e-09 -1.5198e-09 4.95856e-20 -1.5198e-09 1.43529e-09 -1.0152e-07 1.43529e-09 -1.0304e-07 -2.49078e-11 -1.0304e-07 -2.49077e-11 -1.0152e-07
0.4 0 0 1.4602e-09 0 1.4602e-09 -1.5198e-09 -1.71285e-20 -1.5198e-09 1.5323e-09 -1.0152e-07 1.5323e-09 -1.0304e-07 7.21049e-11 -1.0304e-07 7.21049e-11 -1.0152e-07
0.41 0 0 1.4602e-09 0 1.4602e-09 -1.5198e-09 4.95858e-20 -1.5198e-09 1.43529e-09 -1.0152e-07 1.43529e-09 -1.0304e-07 -2.49078e-11 -1.0304e-07 -2.49078e-11 -1.0152e-07
0.42 0 0 1.4602e-09 0 1.4602e-09 -1.5198e-09 -1.71282e-20 -1.5198e-09 1.5323e-09 -1.0152e-07 1.5323e-09 -1.0304e-07 7.21049e-11 -1.0304e-07 7.21048e-11 -1.0152e-07
0.43 0 0 1.4602e-09 0 1.4602e-09 -1.5198e-09 4.95855e-20 -1.5198e-09 1.43529e-09 -1.0152e-07 1.43529e-09 -1.0304e-07 -2.49078e-11 -1.0304e-07 -2.49078e-11 -1.0152e-07
0.44 0 0 1.4602e-09 0 1.4602e-09 -1.5198e-09 -1.71289e-20 -1.5198e-09 1.43529e-09 -1.0152e-07 1.43529e-09 -1.0304e-07 -2.49077e-11 -1.0304e-07 -2.49077e-11 -1.0152e-07
0.45 0 0 1.4602e-09 0 1.4602e-09 -1.5198e-09 -1.71289e-20 -1.5198e-09 1.43529e-09 -1.0152e-07 1.43529e-09 -1.0304e-07 -2.49078e-11 -1.0304e-07 -2.49078e-11 -1.0152e-07
0.46 0 0 1.4602e-09 0 1.4602e-09 -1.5198e-09 -1.71286e-20 -1.5198e-09 1.43529e-09 -1.0152e-07 1.43529e-09 -1.0304e-07 -2.49077e-11 -1.0304e-07 -2.49077e-11 -1.0152e-07
0.47 0 0 1.4602e-09 0 1.4602e-09 -1.5198e-09 -1.71291e-20 -1.5198e-09 1.43529e-09 -1.0152e-07 1.43529e-09 -1.0304e-07 -2.49078e-11 -1.0304e-07 -2.49078e-11 -1.0152e-07
0.48 0 0 1.4602e-09 0 1.4602e-09 -1.5198e-09 -1.71288e-20 -1.5198e-09 1.43529e-09 -1.0152e-07 1.43529e-09 -1.0304e-07 -2.49077e-11 -1.0304e-07 -2.49077e-11 -1.0152e-07
0.49 0 0 1.4602e-09 0 1.4602e-09 -1.5198e-09 -1.71285e-20 -1.5198e-09 1.5323e-09 -1.0152e-07 1.5323e-09 -1.0304e-07 7.2105e-11 -1.0304e-07 7.21049e-11 -1.0152e-07
0.5 0 0 1.4602e-09 0 1.4602e-09 -1.5198e-09 4.95856e-20 -1.5198e-09 1.43529e-09 -1.0152e-07 1.43529e-09 -1.0304e-07 -2.49077e-11 -1.0304e-07 -2.49077e-11 -1.0152e-07
0.51 0 0 1.4602e-09 0 1.4602e-09 -1.5198e-09 -1.71283e-20 -1.5198e-09 1.5323e-09 -1.0152e-07 1.5323e-09 -1.0304e-07 7.2105e-11 -1.0304e-07 7.21049e-11 -1.0152e-07
0.52 0 0 1.4602e-09 0 1.4602e-09 -1.5198e-09 4.95856e-20 -1.5198e-09 1.43529e-09 -1.0152e-07 1.43529e-09 -1.0304e-07 -2.49078e-11 -1.0304e-07 -2.49077e-11 -1.0152e-07
0.53 0 0 1.4602e-09 0 1.4602e-09 -1.5198e-09 -1.71285e-20 -1.5198e-09 1.5323e-09 -1.0152e-07 1.5323e-09 -1.0304e-07 7.2105e-11 -1.0304e-07 7.21049e-11 -1.0152e-07
0.54 0 0 1.4602e-09 0 1.4602e-09 -1.5198e-09 4.95854e-20 -1.5198e-09 1.43529e-09 -1.0152e-07 1.43529e-09 -1.0304e-07 -2.49078e-11 -1.0304e-07 -2.49078e-11 -1.0152e-07
0.55 0 0 1.4602e-09 0 1.4602e-09 -1.5198e-09 -1.71284e-20 -1.5198e-09 1.5323e-09 -1.0152e-07 1.5323e-09 -1.0304e-07 7.21049e-11 -1.0304e-07 7.21049e-11 -1.0152e-07
0.56 0 0 1.4602e-09 0 1.4602e-09 -1.5198e-09 4.95857e-20 -1.5198e-09 1.43529e-09 -1.0152e-07 1.43529e-09 -1.0304e-07 -2.49078e-11 -1.0304e-07 -2.49078e-11 -1.0152e-07
0.57 0 0 1.4602e-09 0 1.4602e-09 -1.5198e-09 -1.71285e-20 -1.5198e-09 1.5323e-09 -1.0152e-07 1.5323e-09 -1.0304e-07 7.21049e-11 -1.0304e-07 7.21048e-11 -1.0152e-07
0.58 0 0 1.4602e-09 0 1.4602e-09 -1.5198e-09 4.95857e-20 -1.5198e-09 1.43529e-09 -1.0152e-07 1.43529e-09 -1.0304e-07 -2.49078e-11 -1.0304e-07 -2.49078e-11 -1.0152e-07
0.59 0 0 1.4602e-09 0 1.4602e-09 -1.5198e-09 -1.7129e-20 -1.5198e-09 1.43529e-09 -1.0152e-07 1.43529e-09 -1.0304e-07 -2.49077e-11 -1.0304e-07 -2.49077e-11 -1.0152e-07
0.6 0 0 1.4602e-09 0 1.4602e-09 -1.5198e-09 -1.71289e-20 -1.5198e-09 1.43529e-09 -1.0152e-07 1.43529e-09 -1.0304e-07 -2.49078e-11 -1.0304e-07 -2.49078e-11 -1.0152e-07
0.61 0 0 1.4602e-09 0 1.4602e-09 -1.5198e-09 -1.71291e-20 -1.5198e-09 1.43529e-09 -1.0152e-07 1.43529e-09 -1.0304e-07 -2.49077e-11 -1.0304e-07 -2.49077e-11 -1.0152e-07
0.62 0 0 1.4602e-09 0 1.4602e-09 -1.5198e-09 -1.71289e-20 -1.5198e-09 1.43529e-09 -1.0152e-07 1.43529e-09 -1.0304e-07 -2.49078e-11 -1.0304e-07 -2.49078e-11 -1.0152e-07
0.63 0 0 1.4602e-09 0 1.4602e-09 -1.5198e-09 -1.71289e-20 -1.5198e-09 1.43529e-09 -1.0152e-07 1.43529e-09 -1.0304e-07 -2.49077e-11 -1.0304e-07 -2.49077e-11 -1.0152e-07
0.64 0 0 1.4602e-09 0 1.4602e-09 -1.5198e-09 -1.71289e-20 -1.5198e-09 1.43529e-09 -1.0152e-07 1.43529e-09 -1.0304e-07 -2.49078e-11 -1.0304e-07 -2.49078e-11 -1.0152e-07
0.65 0 0 1.4602e-09 0 1.4602e-09 -1.5198e-09 -1.71287e-20 -1.5198e-09 1.43529e-09 -1.0152e-07 1.43529e-09 -1.0304e-07 -2.49077e-11 -1.0304e-07 -2.49077e-11 -1.0152e-07
0.66 0 0 1.4602e-09 0 1.4602e-09 -1.5198e-09 -1.71288e-20 -1.5198e-09 1.43529e-09 -1.0152e-07 1.43529e-09 -1.0304e-07 -2.49078e-11 -1.0304e-07 -2.49078e-11 -1.0152e-07
0.67 0 0 1.4602e-09 0 1.4602e-09 -1.5198e-09 -1.71285e-20 -1.5198e-09 1.43529e-09 -1.0152e-07 1.43529e-09 -1.0304e-07 -2.49077e-11 -1.0304e-07 -2.49077e-11 -1.0152e-07
0.68 0 0 1.4602e-09 0 1.4602e-09 -1.5198e-09 -1.71283e-20 -1.5198e-09 1.5323e-09 -1.0152e-07 1.5323e-09 -1.0304e-07 7.2105e-11 -1.0304e-07 7.21049e-11 -1.0152e-07
0.69 0 0 1.4602e-09 0 1.4602e-09 -1.5198e-09 4.95856e-20 -1.5198e-09 1.43529e-09 -1.0152e-07 1.43529e-09 -1.0304e-07 -2.49077e-11 -1.0304e-07 -2.49077e-11 -1.0152e-07
0.7 0 0 1.4602e-09 0 1.4602e-09 -1.5198e-09 -1.71283e-20 -1.5198e-09 1.5323e-09 -1.0152e-07 1.5323e-09 -1.0304e-07 7.2105e-11 -1.0304e-07 7.21049e-11 -1.0152e-07
0.71 0 0 1.4602e-09 0 1.4602e-09 -1.5198e-09 4.95857e-20 -1.5198e-09 1.43529e-09 -1.0152e-07 1.43529e-09 -1.0304e-07 -2.49078e-11 -1.0304e-07 -2.49077e-11 -1.0152e-07
0.72 0 0 1.4602e-09 0 1.4602e-09 -1.5198e-09 -1.71285e-20 -1.5198e-09 1.5323e-09 -1.0152e-07 1.5323e-09 -1.0304e-07 7.2105e-11 -1.0304e-07 7.21049e-11 -1.0152e-07
0.73 0 0 1.4602e-09 0 1.4602e-09 -1.5198e-09 4.95857e-20 -1.5198e-09 1.43529e-09 -1.0152e-07 1.43529e-09 -1.0304e-07 -2.49078e-11 -1.0304e-07 -2.49078e-11 -1.0152e-07
0.74 0 0 1.4602e-09 0 1.4602e-09 -1.5198e-09 -1.71284e-20 -1.5198e-09 1.5323e-09 -1.0152e-07 1.5323e-09 -1.0304e-07 7.21049e-11 -1.0304e-07 7.21049e-11 -1.0152e-07
0.75 0 0 1.4602e-09 0 1.4602e-09 -1.5198e-09 4.95856e-20 -1.5198e-09 1.43529e-09 -1.0152e-07 1.43529e-09 -1.0304e-07 -2.49078e-11 -1.0304e-07 -2.49078e-11 -1.0152e-07
0.76 0 0 1.4602e-09 0 1.4602e-09 -1.5198e-09 -1.71284e-20 -1.5198e-09 1.5323e-09 -1.0152e-07 1.5323e-09 -1.0304e-07 7.21049e-11 -1.0304e-07 7.21048e-11 -1.0152e-07
0.77 0 0 1.4602e-09 0 1.4602e-09 -1.5198e-09 4.95853e-20 -1.5198e-09 1.43529e-09 -1.0152e-07 1.43529e-09 -1.0304e-07 -2.49078e-11 -1.0304e-07 -2.49078e-11 -1.0152e-07
0.78 0 0 1.4602e-09 0 1.4602e-09 -1.5198e-09 -1.7129e-20 -1.5198e-09 1.43529e-09 -1.0152e-07 1.43529e-09 -1.0304e-07 -2.49077e-11 -1.0304e-07 -2.49077e-11 -1.0152e-07
0.79 0 0 1.4602e-09 0 1.4602e-09 -1.5198e-09 -1.7129e-20 -1.5198e-09 1.43529e-09 -1.0152e-07 1.43529e-09 -1.0304e-07 -2.49078e-11 -1.0304e-07 -2.49078e-11 -1.0152e-07
0.8 0 0 1.4602e-09 0 1.4602e-09 -1.5198e-09 -1.7129e-20 -1.5198e-09 1.43529e-09 -1.0152e-07 1.43529e-09 -1.0304e-07 -2.49077e-11 -1.0304e-07 -2.49077e-11 -1.0152e-07
0.81 0 0 1.4602e-09 0 1.4602e-09 -1.5198e-09 -1.71289e-20 -1.5198e-09 1.43529e-09 -1.0152e-07 1.43529e-09 -1.0304e-07 -2.49078e-11 -1.0304e-07 -2.49078e-11 -1.0152e-07
0.82 0 0 1.4602e-09 0 1.4602e-09 -1.5198e-09 -1.7129e-20 -1.5198e-09 1.43529e-09 -1.0152e-07 1.43529e-09 -1.0304e-07 -2.49077e-11 -1.0304e-07 -2.49077e-11 -1.0152e-07
0.83 0 0 1.4602e-09 0 1.4602e-09 -1.5198e-09 -1.71288e-20 -1.5198e-09 1.43529e-09 -1.0152e-07 1.43529e-09 -1.0304e-07 -2.49078e-11 -1.0304e-07 -2.49078e-11 -1.0152e-07
0.84 0 0 1.4602e-09 0 1.4602e-09 -1.5198e-09 -1.71289e-20 -1.5198e-09 1.43529e-09 -1.0152e-07 1.43529e-09 -1.0304e-07 -2.49077e-11 -1.0304e-07 -2.49077e-11 -1.0152e-07
0.85 0 0 1.4602e-09 0 1.4602e-09 -1.5198e-09 -1.71288e-20 -1.5198e-09 1.43529e-09 -1.0152e-07 1.43529e-09 -1.0304e-07 -2.49078e-11 -1.0304e-07 -2.49078e-11 -1.0152e-07
0.86 0 0 1.4602e-09 0 1.4602e-09 -1.5198e-09 -1.71288e-20 -1.5198e-09 1.43529e-09 -1.0152e-07 1.43529e-09 -1.0304e-07 -2.49077e-11 -1.0304e-07 -2.49077e-11 -1.0152e-07
0.87 0 0 1.4602e-09 0 1.4602e-09 -1.5198e-09 -1.71283e-20 -1.5198e-09 1.5323e-09 -1.0152e-07 1.5323e-09 -1.0304e-07 7.2105e-11 -1.0304e-07 7.21049e-11 -1.0152e-07
0.88 0 0 1.4602e-09 0 1.4602e-09 -1.5198e-09 4.95857e-20 -1.5198e-09 1.43529e-09 -1.0152e-07 1.43529e-09 -1.0304e-07 -2.49077e-11 -1.0304e-07 -2.49077e-11 -1.0152e-07
0.89 0 0 1.4602e-09 0 1.4602e-09 -1.5198e-09 -1.71284e-20 -1.5198e-09 1.5323e-09 -1.0152e-07 1.5323e-09 -1.0304e-07 7.2105e-11 -1.0304e-07 7.21049e-11 -1.0152e-07
0.9 0 0 1.4602e-09 0 1.4602e-09 -1.5198e-09 4.95853e-20 -1.5198e-09 1.43529e-09 -1.0152e-07 1.43529e-09 -1.0304e-07 -2.49078e-11 -1.0304e-07 -2.49077e-11 -1.0152e-07
0.91 0 0 1.4602e-09 0 1.4602e-09 -1.5198e-09 -1.71282e-20 -1.5198e-09 1.5323e-09 -1.0152e-07 1.5323e-09 -1.0304e-07 7.2105e-11 -1.0304e-07 7.21049e-11 -1.0152e-07
0.92 0 0 1.4602e-09 0 1.4602e-09 -1.5198e-09 4.95854e-20 -1.5198e-09 1.43529e-09 -1.0152e-07 1.43529e-09 -1.0304e-07 -2.49078e-11 -1.0304e-07 -2.49078e-11 -1.0152e-07
0.93 0 0 1.4602e-09 0 1.4602e-09 -1.5198e-09 -1.71281e-20 -1.5198e-09 1.5323e-09 -1.0152e-07 1.5323e-09 -1.0304e-07 7.21049e-11 -1.0304e-07 7.21048e-11 -1.0152e-07
0.94 0 0 1.4602e-09 0 1.4602e-09 -1.5198e-09 4.95856e-20 -1.5198e-09 1.43529e-09 -1.0152e-07 1.43529e-09 -1.0304e-07 -2.49078e-11 -1.0304e-07 -2.49078e-11 -1.0152e-07
0.95 0 0 1.4602e-09 0 1.4602e-09 -1.5198e-09 -1.71284e-20 -1.5198e-09 1.5323e-09 -1.0152e-07 1.5323e-09 -1.0304e-07 7.21049e-11 -1.0304e-07 7.21048e-11 -1.0152e-07
0.96 0 0 1.4602e-09 0 1.4602e-09 -1.5198e-09 4.95855e-20 -1.5198e-09 1.43529e-09 -1.0152e-07 1.43529e-09 -1.0304e-07 -2.49078e-11 -1.0304e-07 -2.49078e-11 -1.0152e-07
0.97 0 0 1.4602e-09 0 1.4602e-09 -1.5198e-09 -1.71288e-20 -1.5198e-09 1.43529e-09 -1.0152e-07 1.43529e-09 -1.0304e-07 -2.49077e-11 -1.0304e-07 -2.49077e-11 -1.0152e-07
0.98 0 0 1.4602e-09 0 1.4602e-09 -1.5198e-09 -1.71286e-20 -1.5198e-09 1.43529e-09 -1.0152e-07 1.43529e-09 -1.0304e-07 -2.49078e-11 -1.0304e-07 -2.49078e-11 -1.0152e-07
0.99 0 0 1.4602e-09 0 1.4602e-09 -1.5198e-09 -1.71293e-20 -1.5198e-09 1.43529e-09 -1.0152e-07 1.43529e-09 -1.0304e-07 -2.49077e-11 -1.0304e-07 -2.49077e-11 -1.0152e-07
1 0 0 1.4602e-09 0 1.4602e-09 -1.5198e-09 -1.7129e-20 -1.5198e-09 1.43529e-09 -1.0152e-07 1.43529e-09 -1.0304e-07 -2.49078e-11 -1.0304e-07 -2.49078e-11 -1.0152e-07
