2.188441e-004
2.188445e-004
2.188445e-004
2.188426e-004
2.188461e-004
2.187554e-004
2.192037e-004
2.186455e-004
2.192514e-004
2.190082e-004
2.191976e-004
2.199287e-004
2.177231e-004
2.214116e-004
2.148323e-004
2.240239e-004
2.122076e-004
2.275906e-004
2.144819e-004
2.269728e-004
2.189033e-004
2.161361e-004
2.412855e-004
-1.832461e-004
-3.700893e-004
-3.205309e-004
-8.385331e-004
-1.697041e-003
-1.898228e-003
-1.240933e-003
-3.447928e-004
6.086808e-004
8.021265e-004
2.504502e-004
-5.512354e-004
-9.116208e-004
-1.791708e-004
4.976628e-004
2.728981e-004
-3.736402e-004
-8.171770e-004
-9.422553e-004
-1.380153e-004
1.076636e-003
8.001876e-004
-5.299097e-004
-1.360689e-003
-6.902194e-004
6.330031e-004
5.294257e-004
-7.616874e-004
-1.500751e-003
-9.645207e-004
-2.372789e-004
-1.213724e-003
-2.660684e-003
-2.503096e-003
-1.165833e-003
6.365268e-005
2.359428e-004
2.207385e-004
2.139110e-004
2.400938e-004
1.417434e-004
-3.462646e-004
5.783481e-005
3.010605e-004
-1.457483e-004
-3.582165e-004
-3.269996e-004
1.515832e-004
7.767760e-005
-6.435754e-004
-9.559736e-004
-5.132002e-004
-3.786886e-004
-9.051521e-004
-8.680032e-004
-4.393753e-004
-2.736245e-004
-6.942924e-004
-1.686977e-003
-2.448848e-003
-2.046021e-003
-1.068926e-003
-1.326051e-004
1.746630e-004
-6.094902e-004
-7.959543e-004
-1.018699e-004
2.714536e-004
4.516563e-005
-6.412546e-004
-9.253779e-004
-8.610051e-004
-9.106922e-004
-8.590874e-004
-9.218712e-004
-8.329288e-004
-1.049354e-003
-1.446165e-003
-1.458232e-003
-1.215230e-003
-3.402435e-004
2.291657e-004
1.854828e-004
-6.485734e-004
-1.403828e-003
-4.466053e-004
9.928775e-004
1.102501e-003
-2.447360e-004
-1.212343e-003
-1.466388e-003
-1.430370e-003
-1.447737e-003
-1.909795e-003
-1.648976e-003
-1.064928e-003
-4.627655e-004
-3.770855e-004
-1.363861e-003
-2.020052e-003
-1.898487e-003
-1.005116e-003
-8.086959e-005
5.516319e-004
6.446046e-004
-2.278944e-004
-1.056196e-003
-1.091458e-003
-5.692779e-004
-2.924024e-004
4.203051e-004
1.351603e-003
6.126801e-004
-9.890872e-004
-1.519046e-003
-1.010207e-003
-8.520267e-004
-1.285722e-003
-1.506505e-003
-1.175078e-003
-2.459116e-004
2.646215e-004
1.875377e-004
3.037581e-004
8.237622e-004
1.188783e-003
5.477625e-004
-2.769084e-004
-3.058099e-004
6.126762e-004
1.283224e-003
4.629611e-004
-7.525523e-004
-5.629291e-004
3.981873e-004
4.861343e-004
-9.026794e-005
-3.981107e-004
3.647607e-005
1.000805e-004
-9.098497e-004
-1.916727e-003
-1.671620e-003
-9.254505e-004
-8.753462e-004
-9.226265e-004
-6.248962e-004
9.367715e-005
6.505739e-004
2.493911e-004
-9.935636e-004
-1.976427e-003
-1.138517e-003
4.257757e-004
8.828730e-004
-5.086011e-005
-1.270886e-003
-1.474731e-003
-8.219077e-004
1.322340e-004
-7.308015e-005
-1.361179e-004
6.151380e-004
8.072651e-004
-5.479133e-005
-9.245723e-004
-2.175640e-004
2.976836e-004
1.778654e-004
2.857590e-004
9.842425e-004
9.709587e-004
-8.129333e-005
-1.013154e-003
-1.483363e-003
-1.379651e-003
-1.740198e-003
-1.637230e-003
-1.378996e-003
-9.795705e-004
-3.152459e-004
-3.687417e-004
9.139479e-005
9.477079e-004
1.600158e-003
1.272688e-003
-1.340438e-004
-9.111640e-004
-8.806013e-004
-8.897008e-004
-1.352540e-003
-1.461609e-003
-9.534216e-004
-4.296992e-004
1.086375e-004
-6.279821e-005
-4.336688e-004
-2.157557e-004
-9.011696e-005
-5.450583e-004
-9.440275e-004
-8.402864e-004
-9.604577e-004
-1.362609e-003
-1.510898e-003
-1.066181e-003
-4.081745e-004
-2.869859e-004
-4.024618e-004
-2.670961e-005
2.099833e-004
-2.984208e-004
-8.123215e-004
-4.087346e-004
2.375736e-004
-2.318244e-004
-1.195183e-003
-1.434596e-003
-5.610759e-004
2.198530e-004
2.218449e-004
-1.572757e-004
-9.274486e-004
-1.440075e-003
-1.444806e-003
-1.423447e-003
-1.840158e-003
-2.003979e-003
-1.088308e-003
1.684971e-004
8.410741e-004
2.522897e-004
-9.604988e-004
-1.970960e-003
-2.603117e-003
-2.011157e-003
-7.471915e-004
1.489101e-004
-7.945184e-006
-7.141571e-004
-1.417462e-003
-1.961075e-003
-2.004352e-003
-1.949105e-003
-1.134654e-003
-3.131445e-004
-3.864615e-004
-1.043534e-003
-1.331845e-003
-8.113123e-004
-1.312880e-003
-3.828226e-003
-6.218820e-003
-6.017113e-003
-4.530493e-003
-4.563809e-003
-6.215019e-003
-7.493830e-003
-7.270402e-003
-6.117707e-003
-6.259539e-003
-9.454040e-003
-1.469636e-002
-1.948820e-002
-2.224559e-002
-2.372150e-002
-2.507982e-002
-2.495071e-002
-2.056388e-002
-1.102639e-002
5.280811e-004
7.795199e-003
5.947461e-003
-2.812801e-003
-1.124727e-002
-1.561022e-002
-1.625191e-002
-1.453120e-002
-1.220342e-002
-1.141844e-002
-1.342704e-002
-1.734114e-002
-2.364846e-002
-3.232554e-002
-3.558258e-002
-2.290803e-002
1.901981e-003
1.989080e-002
1.919495e-002
1.081169e-002
1.309994e-002
2.745179e-002
4.009930e-002
4.295184e-002
4.376861e-002
5.115487e-002
6.008320e-002
5.919974e-002
4.500916e-002
2.618076e-002
1.566211e-002
1.702034e-002
2.212403e-002
2.581430e-002
3.313742e-002
4.569099e-002
5.230223e-002
4.285306e-002
2.428618e-002
1.204072e-002
1.317748e-002
2.620034e-002
4.852631e-002
7.486801e-002
9.165948e-002
8.638922e-002
6.089611e-002
3.244729e-002
2.030399e-002
2.908841e-002
4.554320e-002
4.906101e-002
2.993992e-002
-5.320672e-004
-2.021271e-002
-1.521758e-002
6.437500e-003
2.347764e-002
2.928123e-002
3.794936e-002
5.865141e-002
7.834468e-002
7.889552e-002
6.150742e-002
4.488689e-002
4.221918e-002
5.028781e-002
6.093221e-002
6.949497e-002
7.186718e-002
6.181068e-002
3.369185e-002
-1.105894e-002
-5.806500e-002
-8.522459e-002
-8.231240e-002
-6.148234e-002
-4.344273e-002
-3.684469e-002
-3.681903e-002
-4.180367e-002
-5.808283e-002
-8.406207e-002
-1.027790e-001
-9.674568e-002
-6.349589e-002
-1.867396e-002
1.244280e-002
1.279571e-002
-1.367260e-002
-4.630088e-002
-6.232865e-002
-5.214629e-002
-2.740465e-002
-1.159799e-002
-2.182618e-002
-5.711604e-002
-9.615027e-002
-1.113215e-001
-9.389538e-002
-5.904781e-002
-2.686370e-002
-9.374285e-003
-6.938244e-003
-1.265337e-002
-2.394735e-002
-4.236930e-002
-6.080202e-002
-6.011641e-002
-3.217621e-002
3.235176e-003
1.446015e-002
-1.100312e-002
-5.268164e-002
-8.202464e-002
-9.259668e-002
-9.472343e-002
-8.960148e-002
-6.641888e-002
-2.614539e-002
8.350548e-003
1.168644e-002
-1.352465e-002
-3.190960e-002
-1.576494e-002
2.136608e-002
4.535311e-002
4.094052e-002
2.393446e-002
1.866229e-002
3.090574e-002
5.045706e-002
6.753153e-002
7.920326e-002
8.386578e-002
7.524080e-002
4.950085e-002
1.634937e-002
-2.651508e-003
4.993345e-003
2.425851e-002
2.662314e-002
1.471459e-003
-3.474107e-002
-5.809591e-002
-5.966488e-002
-4.669864e-002
-2.060778e-002
2.464440e-002
7.102222e-002
7.719121e-002
2.557858e-002
-4.647507e-002
-7.347570e-002
-2.975758e-002
4.134891e-002
7.836048e-002
6.100607e-002
1.345848e-002
-2.962438e-002
-5.020690e-002
-4.839374e-002
-2.950516e-002
-1.323394e-003
1.737562e-002
5.736476e-003
-3.300437e-002
-6.644145e-002
-6.251284e-002
-1.915312e-002
3.287382e-002
5.299414e-002
2.987983e-002
-1.003275e-002
-4.008000e-002
-5.737475e-002
-6.641654e-002
-6.075386e-002
-3.006366e-002
1.788075e-002
5.233998e-002
4.757935e-002
1.153057e-002
-2.229024e-002
-3.195027e-002
-2.701609e-002
-2.768983e-002
-3.419326e-002
-2.731096e-002
1.150777e-003
2.979585e-002
3.148843e-002
8.432379e-003
-8.642020e-003
3.485766e-003
3.380590e-002
5.336864e-002
4.624857e-002
2.020298e-002
-4.831878e-003
-1.280236e-002
2.554908e-003
3.348087e-002
5.760635e-002
5.255782e-002
1.799363e-002
-2.148262e-002
-4.321753e-002
-4.747127e-002
-4.743949e-002
-4.531084e-002
-2.843544e-002
7.138026e-003
4.458591e-002
6.212668e-002
5.205782e-002
2.448662e-002
-1.526616e-003
-1.116074e-002
-1.260926e-004
2.593451e-002
5.401751e-002
6.574203e-002
4.167292e-002
-1.986726e-002
-8.583519e-002
-1.047319e-001
-8.055777e-002
-6.511151e-002
-5.388201e-002
-2.672165e-002
-9.368157e-003
-1.185908e-002
-1.055437e-002
-4.137442e-004
-4.552385e-003
-1.798999e-002
-2.449510e-003
4.534402e-002
7.391009e-002
4.423101e-002
-1.442780e-002
-4.241543e-002
-2.712946e-002
-9.545478e-003
-1.978798e-002
-4.514056e-002
-5.496594e-002
-3.612574e-002
-2.158093e-003
2.208046e-002
2.029605e-002
-1.978208e-003
-3.045188e-002
-5.588577e-002
-6.824846e-002
-5.335146e-002
-6.934106e-003
5.076162e-002
8.656933e-002
8.587933e-002
6.429164e-002
4.485674e-002
3.458818e-002
2.605661e-002
1.615474e-002
1.011038e-002
1.246531e-002
2.274908e-002
3.567182e-002
4.419186e-002
4.303095e-002
3.375518e-002
2.608301e-002
2.796009e-002
3.335044e-002
2.969371e-002
1.899780e-002
1.783797e-002
3.351420e-002
5.035487e-002
4.882668e-002
3.134840e-002
1.441904e-002
-1.847654e-003
-3.387950e-002
-7.773514e-002
-1.019336e-001
-8.831674e-002
-5.541670e-002
-2.922782e-002
-1.256956e-002
3.176659e-003
1.433174e-002
1.046566e-002
6.411863e-003
3.181954e-002
6.934523e-002
5.504966e-002
-1.672030e-002
-5.497009e-002
-6.892424e-003
5.652031e-002
2.990673e-002
-8.289477e-002
-1.538541e-001
-1.058094e-001
-1.247674e-002
2.169473e-002
-5.168301e-003
-2.167844e-002
-8.901913e-004
7.920895e-003
-3.948405e-002
-1.175202e-001
-1.679416e-001
-1.692366e-001
-1.429966e-001
-1.101001e-001
-7.220872e-002
-3.395837e-002
-1.709930e-002
-3.346468e-002
-5.978972e-002
-6.579469e-002
-4.997291e-002
-2.682172e-002
2.476762e-003
3.600728e-002
4.324260e-002
5.035371e-003
-3.707282e-002
-3.338749e-002
4.881335e-004
1.150875e-002
-1.200990e-002
-2.849388e-002
-4.354417e-003
4.993426e-002
9.600863e-002
9.454708e-002
5.815929e-002
5.482459e-002
1.089849e-001
1.569573e-001
1.307899e-001
5.695729e-002
2.691144e-002
7.333131e-002
1.380512e-001
1.620418e-001
1.485076e-001
1.319142e-001
1.291533e-001
1.232089e-001
8.758118e-002
3.293784e-002
7.429026e-003
3.361157e-002
7.210226e-002
7.371952e-002
4.505022e-002
3.587555e-002
7.144081e-002
1.237939e-001
1.449658e-001
1.102325e-001
5.036908e-002
2.911965e-002
5.998085e-002
8.814722e-002
6.515201e-002
7.090976e-003
-3.151354e-002
-2.950827e-002
-2.215871e-002
-5.101546e-002
-1.062188e-001
-1.343066e-001
-1.022333e-001
-3.986740e-002
-2.633572e-003
2.532028e-004
7.454559e-003
3.993127e-002
7.262947e-002
8.041061e-002
7.600412e-002
8.592948e-002
1.128584e-001
1.373529e-001
1.474521e-001
1.464028e-001
1.394146e-001
1.311916e-001
1.279241e-001
1.310029e-001
1.284652e-001
1.021709e-001
4.316641e-002
-3.969240e-002
-1.160820e-001
-1.511649e-001
-1.361392e-001
-9.835792e-002
-7.567285e-002
-7.962730e-002
-9.374830e-002
-9.678473e-002
-8.049011e-002
-5.505210e-002
-3.019673e-002
4.847260e-003
6.661757e-002
1.474787e-001
2.132940e-001
2.383413e-001
2.371627e-001
2.486245e-001
2.853025e-001
3.092204e-001
2.754090e-001
1.861638e-001
8.415052e-002
9.546666e-003
-3.046525e-002
-6.325739e-002
-1.184134e-001
-1.906107e-001
-2.475647e-001
-2.696138e-001
-2.625755e-001
-2.325782e-001
-1.788542e-001
-1.252089e-001
-1.136500e-001
-1.438852e-001
-1.616252e-001
-1.228518e-001
-3.690680e-002
5.705959e-002
1.270022e-001
1.558676e-001
1.436799e-001
1.123632e-001
8.494730e-002
6.130509e-002
2.938173e-002
-6.271559e-003
-2.933681e-002
-4.212116e-002
-6.484667e-002
-1.049145e-001
-1.480754e-001
-1.797354e-001
-2.028832e-001
-2.220885e-001
-2.208290e-001
-1.826341e-001
-1.206872e-001
-6.691342e-002
-3.218565e-002
3.419510e-003
5.614987e-002
1.099886e-001
1.378601e-001
1.431251e-001
1.455583e-001
1.365938e-001
1.031284e-001
8.351405e-002
1.119564e-001
1.450095e-001
1.159735e-001
3.556559e-002
-6.134150e-003
3.114149e-002
8.023814e-002
7.466158e-002
3.322024e-002
1.272380e-002
3.106780e-002
6.601803e-002
9.190676e-002
9.718872e-002
8.309921e-002
6.093785e-002
4.110746e-002
1.977825e-002
-1.349380e-002
-5.312986e-002
-7.393727e-002
-7.097212e-002
-7.440759e-002
-1.021348e-001
-1.349964e-001
-1.538110e-001
-1.630193e-001
-1.677557e-001
-1.608978e-001
-1.451645e-001
-1.488494e-001
-1.805418e-001
-1.917867e-001
-1.411789e-001
-6.383838e-002
-2.356096e-002
-1.696184e-002
1.440421e-002
9.177335e-002
1.715676e-001
1.958883e-001
1.586846e-001
1.117270e-001
8.756440e-002
5.758014e-002
-7.513543e-003
-7.604757e-002
-1.055010e-001
-1.299003e-001
-2.065113e-001
-2.921008e-001
-2.896600e-001
-1.946393e-001
-1.035033e-001
-9.140907e-002
-1.144915e-001
-7.732037e-002
2.042893e-002
8.518823e-002
5.764865e-002
-2.159668e-002
-7.714241e-002
-9.011789e-002
-9.859616e-002
-1.254095e-001
-1.530516e-001
-1.798402e-001
-2.318878e-001
-2.920183e-001
-2.916554e-001
-2.178527e-001
-1.403394e-001
-1.065988e-001
-1.112099e-001
-1.343196e-001
-1.663981e-001
-2.055998e-001
-2.137927e-001
-1.470818e-001
-3.139734e-002
5.801812e-002
7.783829e-002
5.289474e-002
2.683463e-002
6.877863e-003
-2.313166e-002
-6.743260e-002
-1.145513e-001
-1.578506e-001
-2.038718e-001
-2.530618e-001
-2.708764e-001
-2.140965e-001
-1.195460e-001
-9.387879e-002
-1.766639e-001
-2.766646e-001
-2.836109e-001
-2.076108e-001
-1.385030e-001
-1.004166e-001
-3.617354e-002
7.941265e-002
1.852408e-001
2.059713e-001
1.438249e-001
7.737624e-002
7.478219e-002
1.273054e-001
1.766941e-001
1.941525e-001
2.067262e-001
2.457881e-001
2.939823e-001
3.051380e-001
2.702866e-001
2.275154e-001
2.047415e-001
1.892655e-001
1.638451e-001
1.410820e-001
1.446962e-001
1.767602e-001
2.163412e-001
2.385333e-001
2.311791e-001
1.998666e-001
1.562151e-001
1.049811e-001
4.514920e-002
-1.600491e-002
-6.132617e-002
-8.685384e-002
-1.102811e-001
-1.406528e-001
-1.584773e-001
-1.430762e-001
-9.957947e-002
-5.001227e-002
-1.675962e-002
-1.043426e-002
-2.359731e-002
-4.025815e-002
-5.356308e-002
-7.238162e-002
-1.026035e-001
-1.300858e-001
-1.357044e-001
-1.297770e-001
-1.464956e-001
-1.973394e-001
-2.506506e-001
-2.531151e-001
-1.802674e-001
-7.560742e-002
-1.967259e-002
-4.398197e-002
-8.707547e-002
-5.970053e-002
5.362513e-002
1.704578e-001
1.933055e-001
1.196058e-001
3.671503e-002
1.465052e-002
4.069538e-002
5.848543e-002
4.437106e-002
1.877226e-002
3.543077e-003
-3.648405e-003
-2.311568e-002
-7.296127e-002
-1.428466e-001
-1.828682e-001
-1.483193e-001
-6.807577e-002
-3.579824e-002
-1.098045e-001
-2.389395e-001
-3.094511e-001
-2.639618e-001
-1.517865e-001
-5.179001e-002
5.975956e-003
2.700542e-002
1.911911e-002
-1.100557e-002
-4.981148e-002
-7.526420e-002
-6.586724e-002
-1.362329e-002
7.223396e-002
1.700632e-001
2.520674e-001
2.966315e-001
2.933862e-001
2.415176e-001
1.614101e-001
1.037167e-001
1.114104e-001
1.689540e-001
2.156584e-001
2.091592e-001
1.902849e-001
2.362058e-001
3.363831e-001
3.979481e-001
3.372439e-001
1.824974e-001
8.937705e-002
1.572948e-001
3.019610e-001
3.708022e-001
3.124293e-001
1.989683e-001
1.222299e-001
1.089368e-001
1.291591e-001
1.399281e-001
1.151958e-001
5.770177e-002
-1.988616e-002
-1.046601e-001
-1.687278e-001
-1.791840e-001
-1.473845e-001
-1.310638e-001
-1.395569e-001
-1.042885e-001
5.716134e-003
1.035489e-001
5.977929e-002
-1.011794e-001
-1.849790e-001
-9.987175e-002
3.107441e-002
5.074706e-002
-3.990636e-002
-1.099657e-001
-1.029576e-001
-8.821661e-002
-1.184390e-001
-1.576060e-001
-1.568037e-001
-1.350270e-001
-1.424469e-001
-1.650042e-001
-1.375524e-001
-4.599896e-002
4.536590e-002
7.715548e-002
7.484482e-002
1.002883e-001
1.526461e-001
1.712912e-001
1.195746e-001
4.434533e-002
2.341194e-002
5.995229e-002
9.081551e-002
8.687448e-002
6.667891e-002
2.286038e-002
-7.069671e-002
-1.802146e-001
-2.117305e-001
-1.327370e-001
-5.380868e-002
-8.614919e-002
-1.679434e-001
-1.560339e-001
-2.730346e-002
1.171232e-001
1.888809e-001
1.769199e-001
1.112234e-001
2.532257e-002
-4.115972e-002
-5.877356e-002
-4.047578e-002
-2.299557e-002
-2.556111e-002
-4.838859e-002
-9.681194e-002
-1.733903e-001
-2.563169e-001
-3.100988e-001
-3.036320e-001
-2.242312e-001
-1.026842e-001
-6.552047e-003
2.591535e-002
2.805758e-002
5.644999e-002
1.111563e-001
1.418773e-001
1.253568e-001
1.016164e-001
1.205790e-001
1.639139e-001
1.706557e-001
1.292781e-001
8.932744e-002
8.276531e-002
7.676564e-002
2.420076e-002
-7.028199e-002
-1.455312e-001
-1.473836e-001
-8.844772e-002
-2.732827e-002
-6.271293e-003
-1.525800e-002
-1.452556e-002
9.370573e-003
2.930701e-002
3.024217e-002
3.142312e-002
4.595127e-002
6.965126e-002
9.007662e-002
8.982406e-002
7.075507e-002
5.877323e-002
6.127232e-002
3.692118e-002
-5.001273e-002
-1.570244e-001
-1.986783e-001
-1.435614e-001
-3.934042e-002
4.136292e-002
6.311417e-002
5.316737e-002
6.193878e-002
9.800697e-002
1.249570e-001
1.257367e-001
1.335569e-001
1.739335e-001
2.034644e-001
1.595677e-001
6.149842e-002
-3.923794e-003
7.237898e-003
5.212367e-002
6.915717e-002
3.846861e-002
-2.422795e-002
-7.888721e-002
-7.697022e-002
-8.333543e-003
7.657767e-002
1.162306e-001
1.058359e-001
9.940217e-002
1.364514e-001
1.864274e-001
1.880590e-001
1.393030e-001
1.099339e-001
1.356362e-001
1.605492e-001
1.268941e-001
6.221337e-002
3.350738e-002
5.177276e-002
6.516284e-002
2.976216e-002
-3.607737e-002
-7.354240e-002
-5.486752e-002
-1.202272e-002
3.493638e-003
-1.923255e-002
-3.644509e-002
-1.237342e-002
3.015533e-002
4.779523e-002
3.748496e-002
3.058648e-002
4.069158e-002
5.135598e-002
4.901427e-002
3.864029e-002
2.949970e-002
2.158116e-002
6.888341e-003
-2.062546e-002
-5.551671e-002
-8.236182e-002
-9.162227e-002
-9.208821e-002
-1.043072e-001
-1.329757e-001
-1.514096e-001
-1.353008e-001
-9.170928e-002
-3.871585e-002
2.086255e-002
8.056226e-002
1.092341e-001
9.001955e-002
5.205496e-002
3.978337e-002
5.470989e-002
5.016714e-002
6.162601e-004
-6.140907e-002
-9.738758e-002
-1.140937e-001
-1.417841e-001
-1.884894e-001
-2.257775e-001
-2.198460e-001
-1.770018e-001
-1.393889e-001
-1.305904e-001
-1.243631e-001
-7.757025e-002
1.577973e-002
1.165079e-001
1.783328e-001
1.827641e-001
1.505249e-001
1.233161e-001
1.326041e-001
1.755731e-001
2.141566e-001
2.061324e-001
1.426317e-001
5.935907e-002
5.149928e-003
-3.990380e-003
6.331387e-004
-2.414323e-002
-8.336960e-002
-1.244926e-001
-7.866284e-002
5.762715e-002
1.985551e-001
2.447180e-001
1.788895e-001
6.920667e-002
-5.593178e-003
-1.240071e-002
2.651071e-002
6.422151e-002
7.156522e-002
4.555805e-002
-1.465396e-003
-4.777862e-002
-7.526725e-002
-8.091322e-002
-7.050143e-002
-4.408119e-002
-3.679793e-005
5.451138e-002
1.104684e-001
1.569032e-001
1.817417e-001
1.923022e-001
2.069127e-001
2.157385e-001
1.874394e-001
1.226325e-001
6.889853e-002
7.347982e-002
1.370950e-001
2.081404e-001
2.250960e-001
1.719848e-001
7.950187e-002
-1.127015e-002
-5.863418e-002
-3.164071e-002
4.598781e-002
9.972052e-002
8.711596e-002
4.820028e-002
4.933152e-002
9.919536e-002
1.381977e-001
1.189673e-001
6.898579e-002
3.688901e-002
2.399656e-002
1.037710e-002
-1.650978e-002
-5.344178e-002
-4.979046e-002
2.680944e-002
9.877625e-002
4.898949e-002
-1.169348e-001
-2.507125e-001
-2.458398e-001
-1.454200e-001
-4.826927e-002
2.590531e-003
3.967080e-002
1.020930e-001
1.612866e-001
1.501039e-001
6.800787e-002
-6.318273e-003
-2.494865e-002
-1.080869e-002
7.698083e-003
3.076667e-002
5.976109e-002
6.998896e-002
3.173973e-002
-4.746934e-002
-1.199636e-001
-1.362908e-001
-9.398832e-002
-4.990753e-002
-5.987902e-002
-1.111943e-001
-1.420059e-001
-1.321372e-001
-1.405482e-001
-2.266090e-001
-3.454555e-001
-3.716457e-001
-2.570652e-001
-1.102429e-001
-8.408372e-002
-1.946002e-001
-3.036588e-001
-3.036566e-001
-2.367202e-001
-2.063450e-001
-2.296686e-001
-2.327486e-001
-1.765247e-001
-1.150507e-001
-1.098227e-001
-1.359665e-001
-1.244368e-001
-6.819196e-002
-3.236355e-002
-5.490714e-002
-8.017974e-002
-4.082930e-002
3.558822e-002
6.300689e-002
1.749039e-002
-3.802442e-002
-5.293323e-002
-5.769824e-002
-1.063253e-001
-1.814306e-001
-2.109769e-001
-1.649200e-001
-9.853918e-002
-7.971618e-002
-9.343684e-002
-8.442437e-002
-5.125604e-002
-3.838698e-002
-6.765409e-002
-1.117854e-001
-1.325719e-001
-1.223239e-001
-9.974298e-002
-8.258798e-002
-7.375369e-002
-6.693177e-002
-5.435244e-002
-2.701047e-002
1.197000e-002
3.810706e-002
2.884680e-002
-2.893368e-003
-1.404850e-002
2.239574e-002
8.637621e-002
1.297455e-001
1.235515e-001
7.955156e-002
2.326258e-002
-3.691025e-002
-9.753388e-002
-1.441299e-001
-1.609504e-001
-1.491431e-001
-1.292408e-001
-1.230772e-001
-1.437960e-001
-1.837717e-001
-2.078650e-001
-1.828707e-001
-1.164659e-001
-5.352653e-002
-2.743043e-002
-3.037920e-002
-3.438954e-002
-1.442547e-002
4.670781e-002
1.410125e-001
2.248749e-001
2.574667e-001
2.501280e-001
2.497827e-001
2.699111e-001
2.739294e-001
2.338400e-001
1.732725e-001
1.400131e-001
1.484851e-001
1.618331e-001
1.382514e-001
8.248200e-002
2.950033e-002
-4.710917e-003
-3.363536e-002
-6.099792e-002
-6.707889e-002
-4.891358e-002
-3.058279e-002
-3.990569e-002
-8.716791e-002
-1.377456e-001
-1.259614e-001
-3.987298e-002
5.777688e-002
1.196492e-001
1.448106e-001
1.225416e-001
5.157093e-002
8.674478e-004
4.530659e-002
1.709704e-001
2.949078e-001
3.554868e-001
3.621670e-001
3.499866e-001
3.239570e-001
2.779272e-001
2.249020e-001
1.743428e-001
1.082005e-001
1.683510e-003
-1.310087e-001
-2.252308e-001
-2.225272e-001
-1.261042e-001
-4.550442e-003
4.522100e-002
-2.900764e-002
-1.752850e-001
-2.632422e-001
-2.054937e-001
-5.265336e-002
7.903438e-002
1.466994e-001
1.916809e-001
2.486252e-001
2.962375e-001
2.912726e-001
2.220827e-001
1.263115e-001
5.433921e-002
2.349358e-002
2.025515e-002
2.577324e-002
3.253132e-002
3.942689e-002
3.594132e-002
3.432119e-003
-6.397825e-002
-1.492414e-001
-2.239743e-001
-2.624899e-001
-2.495379e-001
-1.846904e-001
-9.024568e-002
-5.339160e-003
3.342203e-002
1.239978e-002
-4.927603e-002
-1.146141e-001
-1.519243e-001
-1.555618e-001
-1.451623e-001
-1.399176e-001
-1.428008e-001
-1.506568e-001
-1.656697e-001
-1.879134e-001
-2.067730e-001
-2.108610e-001
-2.031268e-001
-1.989187e-001
-2.073870e-001
-2.090962e-001
-1.600881e-001
-3.232019e-002
1.456497e-001
2.965419e-001
3.582822e-001
3.355989e-001
2.889071e-001
2.745006e-001
2.912633e-001
2.934432e-001
2.576571e-001
2.098591e-001
1.763421e-001
1.437270e-001
8.234044e-002
-6.649700e-003
-8.703870e-002
-1.297333e-001
-1.408314e-001
-1.427907e-001
-1.459198e-001
-1.413242e-001
-1.131599e-001
-6.008266e-002
-2.910379e-003
2.678761e-002
1.468238e-002
-1.542029e-002
-2.376644e-002
-1.751155e-004
2.863888e-002
3.913929e-002
3.517224e-002
2.478391e-002
-7.263758e-003
-7.704451e-002
-1.490306e-001
-1.594087e-001
-1.029863e-001
-4.818653e-002
-5.397623e-002
-8.971941e-002
-8.409088e-002
-3.906853e-002
-2.189286e-002
-5.299396e-002
-7.063112e-002
-2.323512e-002
5.332953e-002
7.546723e-002
1.056348e-002
-8.576984e-002
-1.290250e-001
-9.374484e-002
-3.384261e-002
-1.269054e-002
-3.239075e-002
-4.167711e-002
-5.528858e-003
4.703042e-002
5.172546e-002
-1.525019e-002
-1.055466e-001
-1.501030e-001
-1.244080e-001
-5.377342e-002
2.323356e-002
8.121500e-002
1.121153e-001
1.135611e-001
8.493043e-002
4.427162e-002
3.147932e-002
6.963109e-002
1.371149e-001
1.981977e-001
2.451461e-001
2.859263e-001
3.075508e-001
2.867301e-001
2.295987e-001
1.764549e-001
1.547418e-001
1.485111e-001
1.315792e-001
1.079883e-001
1.008481e-001
1.130525e-001
1.215663e-001
1.078154e-001
7.988535e-002
6.099847e-002
6.232748e-002
7.353046e-002
7.108382e-002
3.510293e-002
-3.617441e-002
-1.222087e-001
-1.882955e-001
-2.085406e-001
-1.886470e-001
-1.674003e-001
-1.830810e-001
-2.387092e-001
-3.057647e-001
-3.488382e-001
-3.374592e-001
-2.571176e-001
-1.332373e-001
-2.751219e-002
1.477182e-002
1.692889e-002
3.747459e-002
9.203593e-002
1.338242e-001
1.141554e-001
6.845999e-002
8.044913e-002
1.517829e-001
1.907870e-001
1.389879e-001
4.428241e-002
-1.158572e-002
-1.568898e-002
-2.043471e-002
-5.460806e-002
-9.029035e-002
-1.020762e-001
-1.097094e-001
-1.320981e-001
-1.389114e-001
-9.390103e-002
-2.000924e-002
1.364505e-002
-1.646850e-002
-4.549034e-002
-1.154111e-002
5.536278e-002
8.248688e-002
5.733626e-002
3.576623e-002
5.804410e-002
9.359322e-002
8.597252e-002
2.595921e-002
-4.411845e-002
-8.575702e-002
-1.011635e-001
-1.106987e-001
-1.211256e-001
-1.241357e-001
-1.163916e-001
-1.106218e-001
-1.153388e-001
-1.207724e-001
-1.093068e-001
-7.324318e-002
-1.941525e-002
4.075841e-002
9.651746e-002
1.403835e-001
1.643357e-001
1.629499e-001
1.425514e-001
1.147267e-001
8.537518e-002
5.702928e-002
3.838016e-002
3.926265e-002
5.425796e-002
6.221262e-002
4.852378e-002
1.582811e-002
-2.541207e-002
-6.308299e-002
-8.593906e-002
-8.841649e-002
-7.517789e-002
-5.763653e-002
-4.029879e-002
-1.942718e-002
5.508005e-003
2.774971e-002
3.753895e-002
2.896967e-002
4.397955e-003
-2.580746e-002
-5.203831e-002
-7.139237e-002
-8.413587e-002
-9.090479e-002
-9.268282e-002
-9.040830e-002
-8.224047e-002
-6.722637e-002
-5.077087e-002
-4.126171e-002
-4.157733e-002
-4.327285e-002
-3.763498e-002
-2.408028e-002
-6.547358e-003
6.142985e-003
8.826488e-003
7.539982e-003
9.991964e-003
1.374673e-002
1.145255e-002
9.484049e-003
2.330339e-002
5.281340e-002
8.269418e-002
1.020397e-001
1.096177e-001
1.094719e-001
1.056804e-001
1.003504e-001
9.375356e-002
8.328973e-002
6.700433e-002
4.626828e-002
2.486463e-002
5.894361e-003
-8.177866e-003
-1.412956e-002
-1.248566e-002
-1.025183e-002
-1.591122e-002
-3.284925e-002
-5.604107e-002
-7.689420e-002
-9.045889e-002
-9.711253e-002
-9.942289e-002
-9.956698e-002
-1.005172e-001
-1.063075e-001
-1.189889e-001
-1.323298e-001
-1.355288e-001
-1.237385e-001
-1.009132e-001
-7.487201e-002
-5.431083e-002
-4.614067e-002
-4.482370e-002
-3.377063e-002
-4.396603e-003
3.299687e-002
6.412827e-002
8.781753e-002
1.091724e-001
1.255970e-001
1.290966e-001
1.183934e-001
1.007562e-001
8.556379e-002
7.558926e-002
6.616133e-002
5.286346e-002
3.232335e-002
4.388430e-003
-2.359002e-002
-4.231269e-002
-4.689466e-002
-3.693999e-002
-1.533343e-002
1.365188e-002
4.547758e-002
7.317304e-002
8.747958e-002
8.440511e-002
6.946660e-002
5.279223e-002
4.004497e-002
3.012486e-002
2.257467e-002
2.117570e-002
3.138901e-002
5.244041e-002
7.482710e-002
8.789128e-002
8.926715e-002
8.592428e-002
8.358601e-002
8.438066e-002
8.917201e-002
9.638500e-002
1.046545e-001
1.142519e-001
1.231605e-001
1.266366e-001
1.217427e-001
1.104021e-001
9.884763e-002
9.054469e-002
8.022212e-002
6.043901e-002
3.391016e-002
1.092864e-002
-3.538762e-003
-1.310301e-002
-2.197078e-002
-3.026396e-002
-3.762528e-002
-4.447339e-002
-5.202650e-002
-5.915410e-002
-6.141114e-002
-5.834856e-002
-5.490134e-002
-5.751999e-002
-6.670118e-002
-7.249142e-002
-6.632063e-002
-5.104131e-002
-3.507788e-002
-2.314592e-002
-1.563545e-002
-1.292057e-002
-1.467169e-002
-1.719705e-002
-1.619206e-002
-1.335881e-002
-1.270251e-002
-1.313902e-002
-1.278461e-002
-1.243898e-002
-1.389054e-002
-1.799497e-002
-2.537262e-002
-3.605434e-002
-4.514681e-002
-4.882947e-002
-5.092447e-002
-5.747299e-002
-6.660739e-002
-6.808266e-002
-5.864896e-002
-4.564448e-002
-3.580190e-002
-2.910398e-002
-2.312186e-002
-1.872739e-002
-1.862023e-002
-2.303035e-002
-2.841988e-002
-3.115445e-002
-3.238365e-002
-3.701506e-002
-4.620117e-002
-5.615816e-002
-6.144328e-002
-6.185117e-002
-6.514294e-002
-7.806064e-002
-9.677362e-002
-1.104358e-001
-1.168774e-001
-1.221690e-001
-1.285407e-001
-1.335498e-001
-1.371564e-001
-1.405823e-001
-1.418899e-001
-1.384928e-001
-1.289987e-001
-1.142515e-001
-9.622206e-002
-7.560010e-002
-5.391031e-002
-3.261283e-002
-1.064348e-002
7.361322e-003
1.164371e-002
2.235054e-003
-1.162464e-002
-2.588146e-002
-4.320283e-002
-6.430100e-002
-8.400264e-002
-9.487613e-002
-9.348594e-002
-8.452479e-002
-7.918630e-002
-8.203515e-002
-8.581602e-002
-8.383680e-002
-7.488936e-002
-5.924501e-002
-3.932344e-002
-1.920263e-002
-7.784269e-004
1.857888e-002
4.187649e-002
6.648718e-002
8.652205e-002
9.737499e-002
9.826972e-002
9.059669e-002
7.849726e-002
6.891899e-002
6.268482e-002
5.763902e-002
5.542450e-002
5.777951e-002
6.347818e-002
6.850410e-002
6.914677e-002
6.539891e-002
6.108506e-002
6.225549e-002
7.265182e-002
8.945607e-002
1.056981e-001
1.155411e-001
1.186168e-001
1.201108e-001
1.270107e-001
1.392649e-001
1.466773e-001
1.418709e-001
1.279097e-001
1.110385e-001
9.270771e-002
6.961530e-002
4.114323e-002
1.173382e-002
-1.233180e-002
-2.526850e-002
-2.475115e-002
-1.291058e-002
2.994332e-003
1.592367e-002
2.649341e-002
3.960391e-002
5.731654e-002
7.699177e-002
9.437909e-002
1.066429e-001
1.127333e-001
1.111886e-001
1.014204e-001
8.562515e-002
6.692482e-002
4.832326e-002
3.132746e-002
1.526930e-002
1.136196e-003
-5.462406e-003
-1.326863e-003
6.615058e-003
7.726776e-003
1.554913e-004
-5.795017e-003
3.367539e-003
2.734187e-002
5.087109e-002
6.058751e-002
5.817118e-002
5.547880e-002
5.791629e-002
6.103909e-002
5.868779e-002
5.060431e-002
4.216276e-002
3.630925e-002
3.052799e-002
2.369777e-002
1.848614e-002
1.612770e-002
1.367822e-002
9.416577e-003
7.502808e-003
1.376733e-002
2.788977e-002
4.159039e-002
4.864242e-002
5.144657e-002
5.556140e-002
5.899361e-002
5.390000e-002
3.732224e-002
1.326523e-002
-1.068828e-002
-2.758708e-002
-3.485538e-002
-3.679352e-002
-3.960767e-002
-4.643816e-002
-5.821445e-002
-7.202999e-002
-8.327106e-002
-8.979799e-002
-9.094239e-002
-8.737829e-002
-8.216211e-002
-7.811811e-002
-7.338112e-002
-6.405013e-002
-5.283724e-002
-4.597676e-002
-4.505662e-002
-4.774694e-002
-5.233663e-002
-5.746247e-002
-5.990254e-002
-5.817772e-002
-5.570487e-002
-5.885047e-002
-6.691416e-002
-6.875122e-002
-5.824454e-002
-4.505404e-002
-4.138471e-002
-4.743753e-002
-5.222372e-002
-4.480993e-002
-2.638870e-002
-6.829046e-003
7.597540e-003
1.978270e-002
3.453151e-002
4.996317e-002
5.871249e-002
5.557021e-002
4.415737e-002
3.236874e-002
2.549876e-002
2.511275e-002
2.794323e-002
2.985555e-002
3.011693e-002
3.175548e-002
3.737014e-002
4.409837e-002
4.687230e-002
4.288273e-002
3.473022e-002
2.908445e-002
2.921492e-002
3.223333e-002
3.700644e-002
4.509735e-002
5.306066e-002
5.520636e-002
4.854534e-002
3.527360e-002
2.181154e-002
1.183367e-002
2.721210e-003
-9.437946e-003
-2.183432e-002
-2.886526e-002
-3.025810e-002
-3.078647e-002
-3.558685e-002
-4.643405e-002
-6.114489e-002
-7.585031e-002
-8.929321e-002
-1.022703e-001
-1.132608e-001
-1.176290e-001
-1.112141e-001
-9.408441e-002
-7.217092e-002
-5.302914e-002
-4.242409e-002
-4.278989e-002
-5.120795e-002
-6.261129e-002
-7.450740e-002
-8.870073e-002
-1.053980e-001
-1.214117e-001
-1.346537e-001
-1.441375e-001
-1.496274e-001
-1.527028e-001
-1.564234e-001
-1.623269e-001
-1.668365e-001
-1.627419e-001
-1.474298e-001
-1.283245e-001
-1.137631e-001
-1.025421e-001
-8.942559e-002
-7.294541e-002
-5.432889e-002
-3.521302e-002
-1.730456e-002
-2.456416e-003
6.654189e-003
9.013539e-003
6.574019e-003
1.608446e-003
-3.610981e-003
-6.257744e-003
-5.857131e-003
-2.772555e-003
4.508699e-003
1.399573e-002
1.780867e-002
1.101495e-002
-4.777804e-004
-7.207643e-003
-5.590722e-003
-4.109451e-004
1.368049e-003
1.832015e-003
9.770650e-003
2.882299e-002
5.128796e-002
6.613920e-002
7.144750e-002
7.225723e-002
7.279563e-002
7.393321e-002
7.491420e-002
7.487552e-002
7.402593e-002
7.596082e-002
8.251265e-002
8.941803e-002
9.069562e-002
8.567766e-002
8.162156e-002
8.345252e-002
8.633183e-002
8.339643e-002
7.632333e-002
7.329057e-002
7.746440e-002
8.407079e-002
8.663102e-002
8.335247e-002
7.640445e-002
6.899233e-002
6.486413e-002
6.594977e-002
6.945640e-002
7.052475e-002
6.656370e-002
5.645655e-002
4.134509e-002
2.529348e-002
1.227950e-002
3.557120e-003
-4.308894e-003
-1.627139e-002
-3.294716e-002
-4.862872e-002
-5.726725e-002
-6.001930e-002
-6.045699e-002
-5.959788e-002
-5.774457e-002
-5.697401e-002
-5.986544e-002
-6.475328e-002
-6.628816e-002
-6.268406e-002
-5.659738e-002
-4.952551e-002
-4.317463e-002
-4.122009e-002
-4.518811e-002
-4.920372e-002
-4.428680e-002
-2.899982e-002
-1.173592e-002
-5.128087e-004
5.729842e-003
1.050700e-002
1.330443e-002
1.146309e-002
3.916759e-003
-5.980367e-003
-1.062191e-002
-4.998549e-003
5.237210e-003
1.224871e-002
1.364532e-002
9.017456e-003
1.381718e-003
-4.384866e-003
-5.633839e-003
-5.727012e-003
-1.037971e-002
-1.778498e-002
-2.229910e-002
-2.343066e-002
-2.568741e-002
-3.104166e-002
-3.569018e-002
-3.535317e-002
-3.095914e-002
-2.607710e-002
-2.120763e-002
-1.564987e-002
-1.057814e-002
-9.425636e-003
-1.328064e-002
-1.668904e-002
-1.433085e-002
-8.487248e-003
-4.377782e-003
-1.868216e-003
2.009882e-003
7.312370e-003
1.295116e-002
2.022437e-002
2.894552e-002
3.691566e-002
4.349657e-002
4.978243e-002
5.798331e-002
6.780466e-002
7.565280e-002
7.615405e-002
6.549768e-002
4.529406e-002
2.206473e-002
2.049858e-003
-1.344031e-002
-2.533978e-002
-3.190903e-002
-2.990102e-002
-2.048714e-002
-1.136225e-002
-9.291545e-003
-1.135975e-002
-1.059640e-002
-4.893254e-003
3.858292e-003
1.366207e-002
2.498182e-002
3.732646e-002
4.659897e-002
4.968190e-002
4.696305e-002
3.965833e-002
2.880383e-002
1.607238e-002
2.636344e-003
-9.179810e-003
-1.736039e-002
-2.388264e-002
-3.188127e-002
-4.055965e-002
-4.422075e-002
-3.915414e-002
-2.783193e-002
-1.544679e-002
-2.816172e-003
1.342010e-002
3.267233e-002
4.935094e-002
5.695795e-002
5.545913e-002
5.079545e-002
4.710531e-002
4.453564e-002
3.814333e-002
2.340731e-002
3.259052e-003
-1.482346e-002
-2.622799e-002
-3.164015e-002
-3.317023e-002
-3.219612e-002
-2.806580e-002
-2.039227e-002
-1.246187e-002
-7.548265e-003
-6.015866e-003
-5.347920e-003
-2.811638e-003
1.635459e-003
5.600637e-003
6.073400e-003
1.166329e-003
-7.637352e-003
-1.535620e-002
-1.945577e-002
-2.202801e-002
-2.295463e-002
-1.739298e-002
-3.502349e-003
1.403949e-002
3.042618e-002
4.324482e-002
5.050165e-002
5.343518e-002
5.699056e-002
6.582202e-002
8.222006e-002
1.066826e-001
1.364458e-001
1.631976e-001
1.763562e-001
1.717533e-001
1.548417e-001
1.318884e-001
1.045996e-001
7.298914e-002
4.215885e-002
2.091606e-002
1.210569e-002
1.069098e-002
9.637399e-003
7.399200e-003
6.230584e-003
6.983525e-003
4.508778e-003
-1.638060e-003
-9.716286e-004
7.792288e-003
1.588169e-002
1.919654e-002
2.050158e-002
2.281907e-002
2.400018e-002
2.107942e-002
1.499909e-002
8.926098e-003
5.564190e-003
5.918631e-003
1.078734e-002
2.100336e-002
3.518287e-002
4.779743e-002
5.548513e-002
6.180840e-002
6.749190e-002
7.027174e-002
7.373610e-002
8.224680e-002
9.286997e-002
9.723982e-002
9.075614e-002
7.722338e-002
6.313108e-002
5.111644e-002
3.911881e-002
2.742908e-002
1.971307e-002
1.691870e-002
1.716674e-002
1.905596e-002
2.441666e-002
3.547279e-002
4.974793e-002
6.304187e-002
7.535080e-002
8.886586e-002
1.038976e-001
1.176654e-001
1.291192e-001
1.419434e-001
1.563682e-001
1.667292e-001
1.679917e-001
1.603149e-001
1.467979e-001
1.295757e-001
1.110830e-001
9.361969e-002
7.785765e-002
6.335874e-002
4.982627e-002
3.706797e-002
2.245049e-002
3.307615e-003
-1.928816e-002
-4.111753e-002
-5.690631e-002
-6.550416e-002
-7.126023e-002
-7.945950e-002
-9.013045e-002
-9.677980e-002
-9.496670e-002
-8.781055e-002
-8.227563e-002
-8.149969e-002
-8.290675e-002
-8.194170e-002
-7.734254e-002
-7.340713e-002
-7.396613e-002
-7.905360e-002
-8.628709e-002
-9.315921e-002
-9.886579e-002
-1.045039e-001
-1.116676e-001
-1.193722e-001
-1.246608e-001
-1.248577e-001
-1.192146e-001
-1.084785e-001
-9.457331e-002
-8.202018e-002
-7.467848e-002
-7.215228e-002
-6.932839e-002
-6.136383e-002
-4.968517e-002
-4.111810e-002
-4.009760e-002
-4.241829e-002
-4.116910e-002
-3.502485e-002
-2.974367e-002
-3.146424e-002
-4.022740e-002
-4.915845e-002
-5.092829e-002
-4.833121e-002
-4.927226e-002
-5.471089e-002
-5.847686e-002
-5.489982e-002
-4.355324e-002
-2.935373e-002
-1.973366e-002
-1.818521e-002
-2.206335e-002
-2.536017e-002
-2.236501e-002
-1.258256e-002
-1.795127e-003
2.931067e-003
-2.635081e-004
-7.990565e-003
-1.752624e-002
-2.933469e-002
-4.462848e-002
-6.108668e-002
-7.211650e-002
-7.360599e-002
-6.864805e-002
-6.337283e-002
-6.095508e-002
-6.114963e-002
-6.382705e-002
-6.789696e-002
-7.046995e-002
-7.034937e-002
-6.948386e-002
-6.904868e-002
-6.853799e-002
-6.875612e-002
-6.954719e-002
-7.042328e-002
-7.214550e-002
-7.605968e-002
-8.337306e-002
-9.403667e-002
-1.056088e-001
-1.140575e-001
-1.167587e-001
-1.132010e-001
-1.049315e-001
-9.426783e-002
-8.503675e-002
-8.195099e-002
-8.557797e-002
-8.991608e-002
-8.794724e-002
-8.079620e-002
-7.388081e-002
-6.879671e-002
-6.440265e-002
-5.876981e-002
-5.269516e-002
-4.854107e-002
-4.499921e-002
-3.943024e-002
-3.187977e-002
-2.349779e-002
-1.495956e-002
-6.541673e-003
-6.688326e-004
-1.124792e-003
-6.763900e-003
-1.214125e-002
-1.334506e-002
-1.206606e-002
-1.120235e-002
-9.345977e-003
-3.615231e-003
5.857866e-003
1.710763e-002
2.782860e-002
3.371183e-002
3.130231e-002
2.278365e-002
1.351651e-002
7.130273e-003
3.692187e-003
1.649476e-003
-8.002326e-005
-3.942545e-003
-1.075026e-002
-1.767440e-002
-2.161056e-002
-2.155239e-002
-1.997036e-002
-1.872804e-002
-1.699838e-002
-1.407908e-002
-1.088435e-002
-8.968377e-003
-7.327345e-003
-3.243400e-003
3.597756e-003
1.003970e-002
1.229095e-002
1.101738e-002
1.155733e-002
1.682817e-002
2.404061e-002
2.939575e-002
3.284126e-002
3.464326e-002
3.338034e-002
2.898123e-002
2.400540e-002
2.174004e-002
2.346165e-002
2.856953e-002
3.519829e-002
3.847783e-002
3.377150e-002
2.581427e-002
2.538600e-002
3.448879e-002
4.466215e-002
5.014424e-002
5.335885e-002
5.738441e-002
5.868802e-002
5.426669e-002
4.813811e-002
4.449798e-002
4.406449e-002
4.703045e-002
5.308334e-002
5.846134e-002
5.844983e-002
5.473132e-002
5.274655e-002
5.373047e-002
5.685410e-002
6.359353e-002
7.524326e-002
8.900265e-002
9.979979e-002
1.072651e-001
1.153296e-001
1.235274e-001
1.275402e-001
1.269489e-001
1.304119e-001
1.454299e-001
1.646918e-001
1.756459e-001
1.754240e-001
1.687327e-001
1.591448e-001
1.485638e-001
1.396093e-001
1.349223e-001
1.342735e-001
1.340384e-001
1.331148e-001
1.330822e-001
1.332252e-001
1.331384e-001
1.313178e-001
1.267431e-001
1.240207e-001
1.219485e-001
1.122803e-001
9.511044e-002
7.746999e-002
6.304977e-002
4.953768e-002
3.245154e-002
1.138430e-002
-9.485232e-003
-2.679943e-002
-4.106745e-002
-5.004052e-002
-4.883327e-002
-3.955221e-002
-3.104968e-002
-2.857016e-002
-2.932053e-002
-2.970390e-002
-3.057613e-002
-3.192731e-002
-3.165130e-002
-3.161682e-002
-3.645815e-002
-4.622242e-002
-5.570728e-002
-6.084600e-002
-6.148200e-002
-6.201860e-002
-6.682491e-002
-7.521088e-002
-8.134098e-002
-8.124290e-002
-7.873050e-002
-7.968519e-002
-8.401168e-002
-8.571130e-002
-8.153513e-002
-7.309633e-002
-6.420109e-002
-5.886632e-002
-5.794978e-002
-5.780376e-002
-5.425187e-002
-4.805962e-002
-4.290740e-002
-4.051224e-002
-4.021920e-002
-4.155286e-002
-4.405277e-002
-4.609831e-002
-4.696242e-002
-4.577622e-002
-4.085761e-002
-3.228990e-002
-2.121817e-002
-8.964431e-003
3.585328e-003
1.656137e-002
2.964441e-002
4.007581e-002
4.451830e-002
4.388894e-002
4.282061e-002
4.371723e-002
4.465333e-002
4.445659e-002
4.519845e-002
4.875327e-002
5.227764e-002
5.045977e-002
4.294997e-002
3.424705e-002
2.815933e-002
2.720805e-002
3.283966e-002
4.251809e-002
5.130330e-002
5.536650e-002
5.275208e-002
4.570866e-002
3.926544e-002
3.538816e-002
3.180521e-002
2.667181e-002
2.142854e-002
1.828347e-002
1.841093e-002
1.863407e-002
1.427877e-002
5.717247e-003
-2.299899e-003
-3.996077e-003
1.882114e-003
1.051537e-002
1.545495e-002
1.525569e-002
1.398448e-002
1.665358e-002
2.599292e-002
3.940390e-002
5.155390e-002
5.714451e-002
5.545508e-002
5.044876e-002
4.358216e-002
3.474437e-002
2.571860e-002
1.843781e-002
1.193448e-002
4.986961e-003
-1.265572e-003
-6.852676e-003
-1.252515e-002
-1.725496e-002
-2.179259e-002
-2.811741e-002
-3.486262e-002
-3.844649e-002
-3.816148e-002
-3.744439e-002
-4.008225e-002
-4.634804e-002
-5.135665e-002
-5.007529e-002
-4.382687e-002
-3.831046e-002
-3.802549e-002
-4.247620e-002
-4.714428e-002
-4.928555e-002
-5.034404e-002
-5.234048e-002
-5.573226e-002
-6.073849e-002
-6.621802e-002
-6.885519e-002
-6.768849e-002
-6.679187e-002
-6.881736e-002
-7.185541e-002
-7.290879e-002
-7.074882e-002
-6.642665e-002
-5.901373e-002
-4.822916e-002
-3.664024e-002
-2.557891e-002
-1.533581e-002
-6.736461e-003
-2.417572e-003
-4.524913e-003
-1.295200e-002
-2.493066e-002
-3.683294e-002
-4.600524e-002
-5.175374e-002
-5.478275e-002
-5.500719e-002
-5.380877e-002
-5.179052e-002
-4.887332e-002
-4.571202e-002
-4.363286e-002
-4.515983e-002
-5.133544e-002
-6.024693e-002
-6.725735e-002
-7.066736e-002
-7.229242e-002
-7.397047e-002
-7.662271e-002
-7.965269e-002
-8.170434e-002
-8.098270e-002
-7.713582e-002
-7.276491e-002
-7.209081e-002
-7.406912e-002
-7.199820e-002
-6.385460e-002
-5.462647e-002
-4.722807e-002
-3.872950e-002
-2.576652e-002
-1.074992e-002
-1.014265e-003
8.686448e-004
-1.265615e-003
-2.671268e-003
1.382658e-003
1.175216e-002
2.299231e-002
2.821603e-002
2.543106e-002
1.948853e-002
1.532411e-002
1.329111e-002
9.840981e-003
1.632584e-003
-1.060447e-002
-2.189132e-002
-2.596288e-002
-2.204386e-002
-1.445501e-002
-7.963075e-003
-4.778293e-003
-3.092939e-003
-1.223324e-004
5.739354e-003
1.392608e-002
2.367903e-002
3.199462e-002
3.315940e-002
2.756272e-002
2.256126e-002
2.438993e-002
3.023080e-002
3.232054e-002
2.877936e-002
2.724726e-002
3.401008e-002
4.410583e-002
4.997138e-002
5.201464e-002
5.646975e-002
6.630871e-002
7.903923e-002
8.949200e-002
9.433077e-002
9.453149e-002
9.307423e-002
9.359343e-002
9.745509e-002
1.011689e-001
9.961961e-002
9.092544e-002
7.752660e-002
6.279636e-002
4.705214e-002
3.061924e-002
1.684917e-002
6.546908e-003
-2.589274e-003
-1.086138e-002
-1.554403e-002
-1.405504e-002
-7.910345e-003
-2.052608e-003
-3.017227e-004
-1.334955e-003
-1.093379e-003
9.529764e-004
7.782522e-004
-5.963311e-003
-1.696518e-002
-2.489232e-002
-2.737174e-002
-2.997360e-002
-3.835594e-002
-4.965092e-002
-5.850290e-002
-6.415949e-002
-6.711043e-002
-6.632282e-002
-6.157832e-002
-5.408474e-002
-4.515858e-002
-3.744509e-002
-3.054839e-002
-2.115772e-002
-9.345879e-003
1.316419e-003
7.106590e-003
8.487834e-003
9.206234e-003
1.083129e-002
1.123037e-002
7.418868e-003
-1.093840e-003
-1.214151e-002
-2.397802e-002
-3.555632e-002
-4.530961e-002
-5.274306e-002
-5.858860e-002
-6.301027e-002
-6.352228e-002
-5.824094e-002
-4.964556e-002
-4.017255e-002
-3.026220e-002
-1.971814e-002
-9.660849e-003
-1.510312e-003
5.839611e-003
1.362160e-002
2.036377e-002
2.413950e-002
2.553595e-002
2.637459e-002
2.803585e-002
3.064076e-002
3.268861e-002
3.237478e-002
3.033377e-002
2.705814e-002
2.117367e-002
1.149896e-002
-1.036736e-003
-1.095739e-002
-1.416997e-002
-1.157534e-002
-4.716904e-003
4.039684e-003
1.055866e-002
1.354663e-002
1.650086e-002
2.155481e-002
2.729730e-002
3.328255e-002
3.949110e-002
4.547640e-002
5.081259e-002
5.277573e-002
4.835096e-002
3.678717e-002
2.027699e-002
4.341241e-003
-5.557692e-003
-9.149194e-003
-9.990892e-003
-1.037639e-002
-9.866448e-003
-6.786666e-003
-1.705887e-003
5.456891e-003
1.645827e-002
3.055846e-002
4.459782e-002
5.428620e-002
5.849874e-002
6.031924e-002
6.223172e-002
6.541864e-002
6.950561e-002
7.067031e-002
6.406843e-002
4.893941e-002
3.038437e-002
1.567925e-002
8.185857e-003
4.377288e-003
-4.218398e-004
-6.252144e-003
-8.534302e-003
-4.996333e-003
5.141430e-004
4.238989e-003
5.818809e-003
8.796439e-003
1.617928e-002
2.681657e-002
3.649818e-002
4.067009e-002
3.712604e-002
2.787927e-002
2.077812e-002
1.955165e-002
1.893720e-002
1.306559e-002
1.140934e-003
-1.297490e-002
-2.323748e-002
-2.464882e-002
-1.990116e-002
-1.659977e-002
-1.686406e-002
-1.665742e-002
-1.310438e-002
-9.012025e-003
-8.004328e-003
-8.954441e-003
-8.564744e-003
-6.421985e-003
-5.261014e-003
-6.098278e-003
-8.224181e-003
-1.162615e-002
-1.538185e-002
-1.795377e-002
-1.995701e-002
-2.218874e-002
-2.200837e-002
-1.691318e-002
-8.581094e-003
-1.276602e-003
3.039649e-003
5.366318e-003
5.624152e-003
3.432064e-003
-5.905099e-004
-4.906824e-003
-6.866713e-003
-5.516933e-003
-1.452330e-003
4.770664e-003
1.122008e-002
1.489498e-002
1.446060e-002
1.073975e-002
6.571121e-003
5.851124e-003
9.962564e-003
1.536000e-002
1.725514e-002
1.704877e-002
1.796669e-002
1.851897e-002
1.322322e-002
5.152343e-006
-1.322095e-002
-1.650614e-002
-8.159707e-003
4.705272e-003
1.430669e-002
1.903599e-002
2.406138e-002
3.229194e-002
3.924826e-002
4.163025e-002
4.248928e-002
4.686931e-002
5.493040e-002
6.320895e-002
6.818959e-002
6.904191e-002
6.843386e-002
6.782156e-002
6.676204e-002
6.472954e-002
6.212288e-002
5.790651e-002
5.131923e-002
4.477532e-002
4.238683e-002
4.812018e-002
6.042146e-002
7.176657e-002
7.671538e-002
7.531760e-002
6.949771e-002
6.183612e-002
5.379010e-002
4.592098e-002
3.922932e-002
3.449394e-002
3.121881e-002
2.855234e-002
2.618393e-002
2.513109e-002
2.770970e-002
3.161017e-002
3.179276e-002
2.733049e-002
2.261949e-002
2.258049e-002
2.686778e-002
3.156566e-002
3.567409e-002
4.096840e-002
4.569752e-002
4.649991e-002
4.276680e-002
3.621917e-002
2.786997e-002
1.839539e-002
1.152055e-002
1.071987e-002
1.436444e-002
1.601378e-002
1.128322e-002
3.645489e-003
-1.590544e-003
-3.548820e-003
-3.948541e-003
-5.742805e-003
-1.070455e-002
-1.617003e-002
-1.865412e-002
-1.937855e-002
-2.214548e-002
-2.672081e-002
-3.055502e-002
-3.366387e-002
-3.676620e-002
-3.889401e-002
-3.951558e-002
-4.050342e-002
-4.332593e-002
-4.775258e-002
-5.159300e-002
-5.243489e-002
-5.066288e-002
-4.849601e-002
-4.752120e-002
-4.727042e-002
-4.596402e-002
-4.463521e-002
-4.701328e-002
-5.299479e-002
-5.791860e-002
-5.906861e-002
-5.892612e-002
-5.884386e-002
-5.774226e-002
-5.535004e-002
-5.245983e-002
-5.084847e-002
-5.085310e-002
-5.189608e-002
-5.348506e-002
-5.404421e-002
-5.237447e-002
-4.923308e-002
-4.621991e-002
-4.515948e-002
-4.474094e-002
-4.164513e-002
-3.729827e-002
-3.575333e-002
-3.730742e-002
-3.794225e-002
-3.409875e-002
-2.757324e-002
-2.324656e-002
-2.247354e-002
-2.343711e-002
-2.460971e-002
-2.590675e-002
-2.730945e-002
-2.708101e-002
-2.461742e-002
-2.103547e-002
-1.659973e-002
-1.003686e-002
-2.228147e-003
1.405154e-003
-2.185994e-003
-9.510838e-003
-1.607922e-002
-2.147136e-002
-2.685907e-002
-3.127426e-002
-3.204828e-002
-2.820004e-002
-2.320665e-002
-2.124811e-002
-2.282322e-002
-2.592910e-002
-2.848254e-002
-3.021467e-002
-3.198583e-002
-3.400534e-002
-3.566259e-002
-3.455680e-002
-3.058765e-002
-2.737176e-002
-2.617126e-002
-2.494076e-002
-2.312219e-002
-2.436968e-002
-3.056979e-002
-3.894327e-002
-4.472441e-002
-4.424098e-002
-3.949681e-002
-3.418966e-002
-2.946766e-002
-2.437275e-002
-1.846658e-002
-1.462741e-002
-1.450700e-002
-1.697221e-002
-2.079891e-002
-2.427301e-002
-2.535833e-002
-2.337871e-002
-2.005405e-002
-1.888868e-002
-2.218498e-002
-2.931281e-002
-3.625920e-002
-3.792812e-002
-3.451840e-002
-3.103539e-002
-2.926937e-002
-2.673282e-002
-1.964415e-002
-7.949494e-003
2.462592e-003
8.829532e-003
1.268882e-002
1.743118e-002
2.571395e-002
3.277367e-002
3.389988e-002
3.184525e-002
3.144744e-002
3.246179e-002
3.333019e-002
3.598477e-002
3.902609e-002
3.907795e-002
3.609671e-002
3.235859e-002
2.920232e-002
2.633015e-002
2.416301e-002
2.400802e-002
2.812381e-002
3.613717e-002
4.419772e-002
4.953278e-002
5.266130e-002
5.490636e-002
5.560959e-002
5.586387e-002
5.702523e-002
5.587050e-002
4.872630e-002
3.707870e-002
2.713384e-002
2.285034e-002
2.114925e-002
1.724358e-002
1.175127e-002
8.488327e-003
9.573301e-003
1.403582e-002
1.798603e-002
2.094373e-002
2.852530e-002
4.389006e-002
6.085894e-002
7.029771e-002
7.021385e-002
6.718260e-002
6.671705e-002
6.590428e-002
6.117330e-002
5.463183e-002
5.017933e-002
4.815353e-002
4.603712e-002
4.201492e-002
3.840422e-002
3.897657e-002
4.212127e-002
4.257444e-002
3.976264e-002
3.975386e-002
4.618351e-002
5.466570e-002
5.566576e-002
4.583761e-002
3.541812e-002
3.540706e-002
4.275011e-002
4.609509e-002
4.047911e-002
2.927976e-002
1.819038e-002
1.000901e-002
3.273822e-003
-4.132660e-003
-9.840322e-003
-8.854946e-003
-2.536571e-003
2.729100e-003
4.985153e-003
8.116184e-003
1.367355e-002
1.740276e-002
1.614389e-002
1.264437e-002
1.230846e-002
1.553132e-002
1.740417e-002
1.572645e-002
1.277174e-002
9.999940e-003
7.068516e-003
3.377443e-003
-3.240900e-003
-1.390828e-002
-2.396802e-002
-2.756124e-002
-2.632362e-002
-2.576731e-002
-2.738103e-002
-2.894437e-002
-2.928237e-002
-3.013298e-002
-3.230585e-002
-3.523844e-002
-3.771347e-002
-3.701031e-002
-3.341575e-002
-3.130809e-002
-3.216709e-002
-3.326758e-002
-3.108973e-002
-2.555307e-002
-2.044158e-002
-1.809517e-002
-1.802848e-002
-1.916140e-002
-2.208257e-002
-2.829345e-002
-3.660829e-002
-4.198473e-002
-4.052795e-002
-3.411403e-002
-2.695479e-002
-2.021956e-002
-1.297950e-002
-5.538489e-003
-2.035245e-004
6.678788e-004
-4.436968e-003
-1.400188e-002
-2.270969e-002
-2.795227e-002
-3.163235e-002
-3.538895e-002
-3.691075e-002
-3.394442e-002
-3.024727e-002
-3.265572e-002
-4.314485e-002
-5.548713e-002
-6.343255e-002
-6.585253e-002
-6.431198e-002
-6.145443e-002
-5.729767e-002
-5.106995e-002
-4.477408e-002
-3.955811e-002
-3.423589e-002
-2.968676e-002
-3.001858e-002
-3.454320e-002
-3.660031e-002
-3.488072e-002
-3.653601e-002
-4.576198e-002
-5.512230e-002
-5.439944e-002
-4.325889e-002
-3.136608e-002
-2.713889e-002
-2.995968e-002
-3.367609e-002
-3.338629e-002
-3.107943e-002
-3.146573e-002
-3.491158e-002
-3.702274e-002
-3.337482e-002
-2.563412e-002
-1.888261e-002
-1.556241e-002
-1.562510e-002
-1.882714e-002
-2.322338e-002
-2.433900e-002
-2.227319e-002
-2.285131e-002
-2.807464e-002
-3.318368e-002
-3.192638e-002
-2.333376e-002
-1.153990e-002
-1.043371e-003
5.054461e-003
4.992438e-003
-2.140125e-003
-1.282722e-002
-2.138191e-002
-2.515799e-002
-2.481808e-002
-2.363209e-002
-2.381022e-002
-2.411785e-002
-2.250327e-002
-1.997727e-002
-1.903424e-002
-1.990614e-002
-2.004563e-002
-1.752757e-002
-1.332944e-002
-1.076871e-002
-1.202220e-002
-1.556543e-002
-1.831155e-002
-1.928276e-002
-1.833179e-002
-1.449585e-002
-1.034234e-002
-1.010642e-002
-1.428127e-002
-1.749080e-002
-1.591962e-002
-1.169170e-002
-6.436731e-003
-3.667038e-005
6.093391e-003
8.032119e-003
5.040020e-003
-6.548423e-004
-8.255740e-003
-1.540464e-002
-1.966859e-002
-2.172151e-002
-2.423570e-002
-2.827318e-002
-3.300194e-002
-3.855235e-002
-4.429359e-002
-4.794332e-002
-4.651678e-002
-3.978396e-002
-3.147185e-002
-2.472717e-002
-1.934987e-002
-1.308010e-002
-6.329221e-003
-2.616323e-003
-1.714385e-003
-7.135330e-005
4.040644e-003
9.571308e-003
1.505558e-002
2.122487e-002
2.878017e-002
3.482128e-002
3.383638e-002
2.513866e-002
1.375261e-002
6.468424e-003
6.685544e-003
1.163790e-002
1.903371e-002
2.816859e-002
3.783475e-002
4.615996e-002
5.151880e-002
5.268076e-002
4.886074e-002
4.250977e-002
3.969542e-002
4.552924e-002
5.557216e-002
5.903819e-002
5.322300e-002
4.637974e-002
4.497613e-002
4.642750e-002
4.647364e-002
4.558441e-002
4.448087e-002
4.151540e-002
3.701744e-002
3.299325e-002
3.200993e-002
3.472559e-002
3.679585e-002
3.239294e-002
2.226112e-002
1.457457e-002
1.304013e-002
1.217871e-002
7.934997e-003
2.328233e-003
-1.501141e-003
-2.637932e-003
-2.513990e-003
-2.777961e-003
-6.224464e-003
-1.387937e-002
-2.134870e-002
-2.460777e-002
-2.517073e-002
-2.690573e-002
-3.049676e-002
-3.297178e-002
-3.224033e-002
-2.824814e-002
-2.192018e-002
-1.411088e-002
-5.387009e-003
3.056203e-003
1.093992e-002
1.859095e-002
2.529953e-002
2.880556e-002
2.798481e-002
2.297922e-002
1.497332e-002
6.998297e-003
2.008690e-003
1.664712e-003
2.254665e-003
-1.874072e-003
-9.673570e-003
-1.622586e-002
-1.762059e-002
-1.451685e-002
-1.303181e-002
-1.757305e-002
-2.324341e-002
-2.374579e-002
-1.999823e-002
-1.592461e-002
-1.432332e-002
-1.315408e-002
-1.042126e-002
-7.363765e-003
-5.801945e-003
-6.825956e-003
-9.579342e-003
-1.141475e-002
-9.975175e-003
-6.740183e-003
-4.188729e-003
-1.912716e-003
1.901012e-003
6.708650e-003
9.333404e-003
7.558927e-003
3.609150e-003
4.032575e-004
-2.935600e-003
-6.484979e-003
-8.545815e-003
-9.006363e-003
-9.828399e-003
-1.223859e-002
-1.478592e-002
-1.795341e-002
-2.394644e-002
-3.255142e-002
-3.974148e-002
-4.138143e-002
-3.840522e-002
-3.339095e-002
-2.933817e-002
-2.940720e-002
-3.281676e-002
-3.459730e-002
-3.173730e-002
-2.776904e-002
-2.736906e-002
-3.011842e-002
-3.114213e-002
-2.851448e-002
-2.549816e-002
-2.420537e-002
-2.439202e-002
-2.479252e-002
-2.386806e-002
-2.067596e-002
-1.579373e-002
-1.175288e-002
-1.095756e-002
-1.445715e-002
-2.037548e-002
-2.400729e-002
-2.370016e-002
-2.183116e-002
-2.078571e-002
-2.119148e-002
-2.192884e-002
-2.255780e-002
-2.378901e-002
-2.582201e-002
-2.687767e-002
-2.388195e-002
-1.710649e-002
-1.057272e-002
-6.795789e-003
-5.259702e-003
-2.852187e-003
3.057576e-003
1.068974e-002
1.730371e-002
2.258098e-002
2.770399e-002
3.316037e-002
3.926387e-002
4.542723e-002
4.817844e-002
4.444418e-002
3.428172e-002
2.204795e-002
1.455133e-002
1.691151e-002
2.712354e-002
3.617178e-002
3.547837e-002
2.479710e-002
1.348117e-002
9.770084e-003
1.260546e-002
1.606068e-002
1.782596e-002
2.047102e-002
2.562703e-002
2.964588e-002
2.939317e-002
2.587252e-002
2.191105e-002
2.056784e-002
2.185961e-002
2.299035e-002
2.249101e-002
2.340200e-002
2.689503e-002
2.985048e-002
2.961343e-002
2.576932e-002
2.068536e-002
1.522908e-002
9.158775e-003
4.511082e-003
3.948808e-003
7.697115e-003
1.456954e-002
2.248106e-002
2.886528e-002
3.225039e-002
3.302276e-002
3.235391e-002
2.940834e-002
2.466276e-002
2.022442e-002
1.846269e-002
1.998115e-002
2.330086e-002
2.763327e-002
3.201201e-002
3.452318e-002
3.347822e-002
3.008339e-002
2.602600e-002
2.150125e-002
1.736640e-002
1.464198e-002
1.420688e-002
1.662418e-002
2.103396e-002
2.477214e-002
2.575449e-002
2.521068e-002
2.522215e-002
2.626558e-002
2.641301e-002
2.415956e-002
2.189052e-002
2.275349e-002
2.674670e-002
3.049660e-002
3.126621e-002
2.893712e-002
2.569198e-002
2.413908e-002
2.337327e-002
2.108326e-002
1.763221e-002
1.564876e-002
1.588096e-002
1.619922e-002
1.665373e-002
1.904949e-002
2.277659e-002
2.569151e-002
2.711022e-002
2.788374e-002
2.692994e-002
2.269883e-002
1.732121e-002
1.457267e-002
1.545747e-002
1.838255e-002
2.201062e-002
2.569994e-002
2.940928e-002
3.302561e-002
3.564655e-002
3.516553e-002
2.987949e-002
2.292286e-002
1.896916e-002
1.873560e-002
1.978909e-002
2.014372e-002
2.095315e-002
2.388140e-002
2.764447e-002
2.883360e-002
2.593129e-002
2.069309e-002
1.540998e-002
1.145614e-002
9.346528e-003
9.204892e-003
1.144423e-002
1.502355e-002
1.729517e-002
1.707693e-002
1.542652e-002
1.311958e-002
1.068323e-002
7.616325e-003
3.293085e-003
8.373904e-005
-8.749846e-005
2.114391e-003
4.933822e-003
6.829033e-003
7.081297e-003
6.279243e-003
4.121667e-003
-1.936605e-004
-5.168412e-003
-7.853825e-003
-7.100427e-003
-5.057922e-003
-3.862061e-003
-3.521355e-003
-2.493493e-003
-1.398432e-004
2.713421e-003
3.891218e-003
2.650967e-003
7.256769e-004
-1.469990e-003
-4.541281e-003
-7.921162e-003
-9.991982e-003
-9.911870e-003
-7.102478e-003
-2.999502e-003
-7.025035e-005
1.878924e-003
2.315674e-003
5.160089e-004
-1.986994e-003
-4.203503e-003
-7.091882e-003
-1.093378e-002
-1.448763e-002
-1.689177e-002
-1.813181e-002
-1.915708e-002
-2.055179e-002
-2.180967e-002
-2.167104e-002
-2.014588e-002
-1.889111e-002
-1.718993e-002
-1.348162e-002
-8.041779e-003
-1.410308e-003
5.455658e-003
1.001895e-002
1.052327e-002
8.371335e-003
5.234035e-003
2.448303e-003
9.346857e-004
-5.462915e-004
-3.698034e-003
-7.293623e-003
-7.806968e-003
-4.466511e-003
-6.484067e-004
-1.781551e-006
-1.171855e-003
-1.488804e-003
-1.068684e-003
4.839530e-004
2.877374e-003
4.668825e-003
4.985246e-003
3.768102e-003
2.307631e-003
2.191663e-003
2.017593e-003
-5.835176e-004
-5.195335e-003
-1.004673e-002
-1.349913e-002
-1.585073e-002
-1.815380e-002
-1.961227e-002
-1.923391e-002
-1.712781e-002
-1.334899e-002
-9.742470e-003
-8.619410e-003
-8.656112e-003
-7.493882e-003
-5.513489e-003
-4.066477e-003
-3.752837e-003
-4.609566e-003
-5.657031e-003
-5.400112e-003
-3.150419e-003
2.101580e-004
3.162503e-003
4.575204e-003
5.367675e-003
6.221654e-003
6.321809e-003
5.626921e-003
4.357365e-003
2.184270e-003
-1.145442e-003
-5.022761e-003
-8.005422e-003
-8.662493e-003
-7.622114e-003
-6.101060e-003
-4.306529e-003
-2.640518e-003
-1.114024e-003
1.067493e-003
2.832734e-003
2.108342e-003
-3.362404e-004
-2.356820e-003
-2.299619e-003
-6.602249e-004
2.339543e-004
-7.443706e-004
-2.778810e-003
-4.036241e-003
-4.779757e-003
-5.278613e-003
-3.299588e-003
1.914766e-003
9.209538e-003
1.591443e-002
1.897121e-002
1.821886e-002
1.557390e-002
1.162214e-002
5.470702e-003
-1.368795e-003
-5.400242e-003
-5.627873e-003
-3.896167e-003
-6.863305e-004
5.784116e-003
1.349591e-002
1.732361e-002
1.674068e-002
1.482369e-002
1.247248e-002
7.639814e-003
1.284654e-003
-3.103004e-003
-5.717609e-003
-7.398248e-003
-7.681010e-003
-6.090730e-003
-3.878789e-003
-3.555266e-003
-4.533454e-003
-4.787427e-003
-4.789248e-003
-5.949498e-003
-7.083894e-003
-6.422817e-003
-3.865924e-003
-1.591300e-003
-1.766112e-003
-3.749399e-003
-6.167837e-003
-7.458364e-003
-5.849680e-003
-1.715479e-003
2.146506e-003
3.898502e-003
4.163675e-003
3.572989e-003
1.829728e-003
-3.136883e-005
-7.083726e-004
-8.085423e-005
1.635563e-003
3.801974e-003
6.249148e-003
8.839525e-003
9.955436e-003
9.357865e-003
7.919259e-003
5.933298e-003
5.469534e-003
7.017513e-003
8.022006e-003
7.457100e-003
6.295251e-003
4.958348e-003
3.185623e-003
1.323147e-003
-2.731009e-004
-1.963124e-003
-3.921413e-003
-5.289411e-003
-5.252038e-003
-4.849094e-003
-3.959447e-003
-7.088709e-004
3.885344e-003
6.864177e-003
6.862803e-003
5.703053e-003
5.196151e-003
5.245018e-003
4.386594e-003
1.638702e-003
-1.554379e-003
-3.894161e-003
-5.158872e-003
-5.570468e-003
-4.930609e-003
-3.112418e-003
4.921193e-004
6.128790e-003
1.168716e-002
1.487339e-002
1.501888e-002
1.278377e-002
9.580932e-003
6.345077e-003
2.122588e-003
-2.876759e-003
-6.655096e-003
-8.282308e-003
-8.305417e-003
-8.703687e-003
-1.001179e-002
-1.150184e-002
-1.314682e-002
-1.447045e-002
-1.515510e-002
-1.536069e-002
-1.469084e-002
-1.208139e-002
-8.195199e-003
-4.950868e-003
-3.836365e-003
-5.686288e-003
-9.076650e-003
-1.288753e-002
-1.709631e-002
-2.089523e-002
-2.334963e-002
-2.415900e-002
-2.352050e-002
-2.165323e-002
-1.857908e-002
-1.445845e-002
-1.044993e-002
-7.386499e-003
-5.624064e-003
-5.776163e-003
-7.510793e-003
-8.567081e-003
-6.955357e-003
-4.263000e-003
-3.005768e-003
-3.864756e-003
-6.750980e-003
-1.011780e-002
-1.255401e-002
-1.510173e-002
-1.848857e-002
-2.127769e-002
-2.119151e-002
-1.779887e-002
-1.356611e-002
-9.904171e-003
-6.617067e-003
-3.654801e-003
-1.778390e-003
-2.533824e-003
-5.094756e-003
-7.679325e-003
-9.356709e-003
-9.880551e-003
-1.032012e-002
-1.131736e-002
-1.280214e-002
-1.420750e-002
-1.500247e-002
-1.665416e-002
-1.944974e-002
-2.069770e-002
-1.828667e-002
-1.341446e-002
-8.459513e-003
-3.859527e-003
-5.423510e-004
6.153973e-004
8.199881e-004
2.088219e-003
4.819291e-003
6.885224e-003
5.507278e-003
6.743348e-004
-5.569163e-003
-1.224055e-002
-1.786430e-002
-2.134757e-002
-2.334984e-002
-2.412598e-002
-2.314546e-002
-1.865521e-002
-9.654038e-003
1.003270e-003
8.633156e-003
1.144912e-002
1.182466e-002
1.193148e-002
1.123160e-002
6.552647e-003
-2.964112e-003
-1.373378e-002
-2.272289e-002
-2.803041e-002
-3.022235e-002
-3.062397e-002
-2.946076e-002
-2.711784e-002
-2.200634e-002
-1.500012e-002
-1.031166e-002
-1.007415e-002
-1.211943e-002
-1.214846e-002
-9.979270e-003
-8.757001e-003
-8.537282e-003
-8.069863e-003
-6.992328e-003
-6.045806e-003
-7.514447e-003
-1.074610e-002
-1.334265e-002
-1.444209e-002
-1.497794e-002
-1.529046e-002
-1.594743e-002
-1.832745e-002
-2.091890e-002
-2.128011e-002
-1.928805e-002
-1.670567e-002
-1.411662e-002
-1.047009e-002
-4.785431e-003
1.555754e-003
4.805607e-003
2.672989e-003
-3.369920e-003
-9.809823e-003
-1.552495e-002
-2.147813e-002
-2.667988e-002
-2.795767e-002
-2.369919e-002
-1.585730e-002
-6.941023e-003
4.405655e-004
3.612039e-003
2.609348e-003
-8.395423e-004
-5.373862e-003
-1.061520e-002
-1.553055e-002
-1.586150e-002
-9.257312e-003
-6.042962e-004
5.135096e-003
7.242170e-003
7.423369e-003
8.258571e-003
8.804717e-003
5.885889e-003
-5.603143e-005
-4.498650e-003
-4.176745e-003
-8.251570e-004
1.906191e-003
2.879244e-003
3.222148e-003
5.193121e-003
9.131249e-003
1.171828e-002
1.093103e-002
7.431764e-003
2.797235e-003
6.306235e-004
4.537401e-003
1.196833e-002
1.637795e-002
1.687252e-002
1.646863e-002
1.568276e-002
1.278797e-002
7.766994e-003
4.000246e-003
3.979370e-003
6.713558e-003
1.030354e-002
1.481647e-002
1.991876e-002
2.341657e-002
2.381537e-002
2.144138e-002
1.677045e-002
9.944441e-003
2.713191e-003
-1.622629e-003
-2.157592e-003
3.750181e-005
4.793527e-003
1.132677e-002
1.741550e-002
2.072219e-002
2.124285e-002
2.034288e-002
1.897004e-002
1.746474e-002
1.581303e-002
1.446182e-002
1.399703e-002
1.436652e-002
1.610033e-002
1.942034e-002
2.238837e-002
2.294006e-002
2.039930e-002
1.637495e-002
1.266791e-002
9.464598e-003
6.542776e-003
5.246139e-003
7.240883e-003
1.021998e-002
1.019273e-002
7.848574e-003
6.482293e-003
7.738872e-003
1.174319e-002
1.421241e-002
1.051482e-002
3.216659e-003
-1.123273e-003
1.454883e-004
3.605943e-003
5.596764e-003
5.770346e-003
4.994562e-003
4.367819e-003
4.663873e-003
5.726083e-003
6.672730e-003
6.949922e-003
6.065809e-003
4.405148e-003
4.153039e-003
5.811994e-003
7.609467e-003
7.146597e-003
4.557833e-003
2.944688e-003
3.539414e-003
4.170355e-003
2.237691e-003
-1.669484e-003
-5.260305e-003
-6.878434e-003
-7.015778e-003
-6.936104e-003
-6.580530e-003
-5.871470e-003
-4.390192e-003
-2.874476e-003
-2.633646e-003
-4.040848e-003
-7.000729e-003
-1.044405e-002
-1.314210e-002
-1.475251e-002
-1.583876e-002
-1.712392e-002
-1.747228e-002
-1.588528e-002
-1.338324e-002
-1.129882e-002
-1.032602e-002
-9.680529e-003
-8.777162e-003
-7.568074e-003
-6.986456e-003
-8.296067e-003
-1.117640e-002
-1.458028e-002
-1.683653e-002
-1.784508e-002
-1.804835e-002
-1.749222e-002
-1.634355e-002
-1.382862e-002
-1.091429e-002
-8.665008e-003
-7.517436e-003
-7.778360e-003
-8.644460e-003
-9.978109e-003
-1.106682e-002
-1.159311e-002
-1.279794e-002
-1.411989e-002
-1.361155e-002
-1.101227e-002
-8.422653e-003
-6.933919e-003
-6.456030e-003
-8.137559e-003
-1.152071e-002
-1.399082e-002
-1.374729e-002
-1.226323e-002
-1.200644e-002
-1.309988e-002
-1.335657e-002
-1.120445e-002
-6.784422e-003
-1.885139e-003
2.356289e-004
2.095269e-004
2.243247e-004
7.208160e-004
2.051131e-004
-2.838639e-003
-6.910226e-003
-9.617123e-003
-9.021961e-003
-5.990842e-003
-3.076589e-003
-1.952576e-003
-2.031008e-003
-1.592851e-003
-1.018963e-003
-1.559102e-003
-3.227384e-003
-5.038832e-003
-5.907531e-003
-5.609000e-003
-4.248249e-003
-2.330657e-003
-8.719067e-004
1.400500e-004
1.224204e-004
-6.962563e-004
-1.743378e-003
-3.126280e-003
-3.719480e-003
-3.563195e-003
-2.946457e-003
-1.835398e-003
-8.576037e-004
-2.332677e-004
8.426926e-004
2.370845e-003
3.069914e-003
1.323240e-003
-2.403165e-003
-4.767322e-003
-4.434496e-003
-3.266446e-003
-4.153324e-003
-6.788632e-003
-8.021841e-003
-6.908324e-003
-5.391198e-003
-5.775650e-003
-7.746660e-003
-8.735558e-003
-7.010488e-003
-3.856179e-003
-1.642399e-003
-3.264114e-004
1.845605e-003
5.150783e-003
7.996248e-003
9.144277e-003
7.928600e-003
5.245094e-003
3.110886e-003
1.804328e-003
-2.534773e-005
-2.247618e-003
-3.160393e-003
-1.474277e-003
3.061206e-003
8.699905e-003
1.250902e-002
1.235973e-002
1.044219e-002
1.027857e-002
1.122220e-002
1.047602e-002
7.418575e-003
5.215879e-003
6.067470e-003
8.242639e-003
9.632308e-003
9.406915e-003
9.078039e-003
8.986021e-003
8.305293e-003
7.929179e-003
8.179043e-003
1.043298e-002
1.390103e-002
1.656030e-002
1.735751e-002
1.577386e-002
1.283257e-002
9.688545e-003
8.447496e-003
9.391699e-003
1.137166e-002
1.243925e-002
1.155105e-002
1.055918e-002
1.018318e-002
1.022569e-002
9.863843e-003
9.576902e-003
9.699182e-003
9.197844e-003
9.397162e-003
1.105895e-002
1.283701e-002
1.253359e-002
1.072426e-002
1.009168e-002
1.058452e-002
1.019842e-002
6.817294e-003
1.822635e-003
-1.783831e-003
-2.944563e-003
-1.469273e-003
-3.917469e-004
-2.920469e-003
-6.658849e-003
-6.590503e-003
-1.688505e-003
4.016756e-003
5.831072e-003
4.801118e-003
4.662663e-003
4.382517e-003
2.686481e-003
2.391111e-004
-2.301807e-003
-3.368386e-003
-2.478465e-003
-6.740078e-004
1.291448e-003
1.733251e-003
-8.228881e-004
-4.975458e-003
-7.461029e-003
-6.919281e-003
-4.998501e-003
-3.411432e-003
-2.149337e-003
-5.917096e-004
1.906794e-003
6.007811e-003
1.029407e-002
1.257008e-002
1.095827e-002
5.685667e-003
6.435324e-004
-1.278592e-003
-7.447071e-004
-2.762929e-004
-1.067400e-003
-2.054571e-003
-2.816689e-003
-3.904570e-003
-5.556246e-003
-8.462437e-003
-1.248519e-002
-1.576017e-002
-1.578457e-002
-1.245606e-002
-8.579036e-003
-5.668688e-003
-2.390147e-003
1.593285e-003
4.734179e-003
5.384696e-003
2.261714e-003
-3.019817e-003
-7.840163e-003
-9.681443e-003
-8.128551e-003
-6.238367e-003
-6.303557e-003
-7.446638e-003
-7.436334e-003
-6.508922e-003
-6.831475e-003
-9.965521e-003
-1.301064e-002
-1.124752e-002
-6.195317e-003
-2.467414e-003
-1.518538e-003
-2.669082e-003
-4.732125e-003
-7.057968e-003
-9.585371e-003
-1.213017e-002
-1.442700e-002
-1.494814e-002
-1.244229e-002
-8.624705e-003
-5.716981e-003
-3.068491e-003
1.837840e-004
2.974172e-003
3.047082e-003
-5.734681e-004
-6.633425e-003
-1.265172e-002
-1.620931e-002
-1.789746e-002
-1.893139e-002
-1.920044e-002
-1.874002e-002
-1.692967e-002
-1.334078e-002
-9.551825e-003
-6.845982e-003
-3.884551e-003
1.270061e-003
7.405358e-003
1.206870e-002
1.352815e-002
1.128227e-002
7.207477e-003
2.253288e-003
-3.377415e-003
-8.552962e-003
-1.251318e-002
-1.407978e-002
-1.210120e-002
-7.246439e-003
-8.898494e-004
5.912465e-003
1.202349e-002
1.616012e-002
1.755297e-002
1.648288e-002
1.469155e-002
1.326428e-002
1.131578e-002
9.170139e-003
7.447026e-003
5.742576e-003
4.177512e-003
2.889395e-003
2.406179e-003
2.577880e-003
1.801434e-003
6.794754e-004
1.443052e-003
3.316804e-003
4.147879e-003
4.042324e-003
4.650374e-003
7.110995e-003
1.025655e-002
1.175598e-002
1.100992e-002
9.055685e-003
7.227164e-003
5.708194e-003
3.139440e-003
-5.973138e-005
-1.725830e-003
-1.079828e-003
1.071758e-003
3.914006e-003
7.117695e-003
1.068222e-002
1.442071e-002
1.755339e-002
1.905889e-002
1.829109e-002
1.651479e-002
1.527358e-002
1.448636e-002
1.252750e-002
8.152854e-003
2.834311e-003
1.698109e-004
1.378857e-003
2.919231e-003
1.417617e-003
-1.941508e-003
-3.352933e-003
-5.798192e-004
4.559006e-003
8.076166e-003
8.029730e-003
7.381601e-003
9.824905e-003
1.299496e-002
1.336728e-002
1.109280e-002
8.010642e-003
5.936701e-003
5.215612e-003
5.199936e-003
5.214736e-003
5.177018e-003
5.654022e-003
6.781017e-003
8.319141e-003
9.932075e-003
1.163567e-002
1.372117e-002
1.547300e-002
1.661552e-002
1.851540e-002
2.148360e-002
2.427751e-002
2.568697e-002
2.532268e-002
2.402693e-002
2.315233e-002
2.247982e-002
2.020237e-002
1.680041e-002
1.476459e-002
1.471133e-002
1.604169e-002
1.842629e-002
2.104751e-002
2.276218e-002
2.295455e-002
2.296890e-002
2.388995e-002
2.470761e-002
2.375765e-002
2.031268e-002
1.661206e-002
1.492636e-002
1.457159e-002
1.362840e-002
1.222064e-002
1.180610e-002
1.216535e-002
1.271993e-002
1.299018e-002
1.207835e-002
9.559227e-003
7.533383e-003
8.783645e-003
1.269493e-002
1.672409e-002
1.797812e-002
1.572685e-002
1.313007e-002
1.171175e-002
9.975774e-003
7.649919e-003
5.879642e-003
5.016289e-003
4.146142e-003
3.305964e-003
2.711823e-003
2.599113e-003
3.278898e-003
4.240783e-003
5.090543e-003
5.258503e-003
3.918612e-003
1.326063e-003
-1.864785e-003
-5.143936e-003
-6.428391e-003
-5.980791e-003
-5.802791e-003
-5.980672e-003
-5.171107e-003
-3.736536e-003
-3.795082e-003
-5.676106e-003
-8.775571e-003
-1.215812e-002
-1.600613e-002
-1.882389e-002
-1.873121e-002
-1.765561e-002
-1.691207e-002
-1.611398e-002
-1.445585e-002
-1.197453e-002
-1.018407e-002
-9.142041e-003
-8.972679e-003
-1.092283e-002
-1.365635e-002
-1.525833e-002
-1.580844e-002
-1.584877e-002
-1.585229e-002
-1.520879e-002
-1.407413e-002
-1.399049e-002
-1.596493e-002
-1.993593e-002
-2.278977e-002
-2.253960e-002
-2.120158e-002
-1.993672e-002
-1.800350e-002
-1.508186e-002
-1.193982e-002
-8.776867e-003
-7.079694e-003
-8.858418e-003
-1.338889e-002
-1.928438e-002
-2.517918e-002
-3.047959e-002
-3.469933e-002
-3.636995e-002
-3.439573e-002
-2.968511e-002
-2.499746e-002
-2.195851e-002
-1.955068e-002
-1.631152e-002
-1.294691e-002
-1.224031e-002
-1.551617e-002
-2.103571e-002
-2.602162e-002
-2.920127e-002
-3.094223e-002
-3.165632e-002
-3.248693e-002
-3.290469e-002
-3.129894e-002
-2.841782e-002
-2.624587e-002
-2.575948e-002
-2.622044e-002
-2.642311e-002
-2.529062e-002
-2.294646e-002
-2.076999e-002
-1.945945e-002
-1.908606e-002
-1.987428e-002
-2.107339e-002
-2.167752e-002
-2.211623e-002
-2.335648e-002
-2.510586e-002
-2.588622e-002
-2.527265e-002
-2.389073e-002
-2.212119e-002
-2.034571e-002
-1.899785e-002
-1.802091e-002
-1.685886e-002
-1.539467e-002
-1.386968e-002
-1.298989e-002
-1.407778e-002
-1.689736e-002
-1.908592e-002
-1.939238e-002
-1.900794e-002
-2.050544e-002
-2.423217e-002
-2.676018e-002
-2.628865e-002
-2.404597e-002
-2.117551e-002
-1.815026e-002
-1.437230e-002
-9.310949e-003
-4.371194e-003
-1.113403e-003
6.297117e-005
8.743790e-004
2.572106e-003
4.124165e-003
4.876258e-003
5.477079e-003
6.237733e-003
6.224267e-003
5.379589e-003
4.140454e-003
3.038031e-003
3.026191e-003
3.853405e-003
4.027492e-003
3.255573e-003
2.448147e-003
3.263015e-003
5.910029e-003
7.893151e-003
7.519916e-003
5.194972e-003
2.557953e-003
4.689330e-004
-8.911249e-004
-1.571354e-003
-2.068154e-003
-2.518332e-003
-2.265853e-003
-1.281987e-003
1.078092e-004
1.511491e-003
3.025749e-003
5.547925e-003
8.101661e-003
9.334530e-003
9.487570e-003
9.783507e-003
1.021463e-002
1.054838e-002
1.187776e-002
1.405731e-002
1.655691e-002
1.965573e-002
2.310240e-002
2.547771e-002
2.555950e-002
2.435193e-002
2.331529e-002
2.213739e-002
2.060896e-002
1.943058e-002
1.928374e-002
2.017056e-002
2.154025e-002
2.302105e-002
2.470931e-002
2.660353e-002
2.818892e-002
2.835725e-002
2.644627e-002
2.334840e-002
1.954543e-002
1.573501e-002
1.275349e-002
1.103096e-002
1.068224e-002
1.099054e-002
1.214939e-002
1.412590e-002
1.696205e-002
2.018193e-002
2.181587e-002
2.180066e-002
2.192111e-002
2.323678e-002
2.490108e-002
2.617264e-002
2.768463e-002
3.005406e-002
3.210285e-002
3.209814e-002
2.922424e-002
2.368299e-002
1.711376e-002
1.109883e-002
7.325699e-003
6.214500e-003
7.915898e-003
1.308204e-002
1.954304e-002
2.488389e-002
2.928735e-002
3.325234e-002
3.624489e-002
3.721697e-002
3.611791e-002
3.357147e-002
3.054962e-002
2.836088e-002
2.620212e-002
2.355766e-002
2.124646e-002
1.942950e-002
1.819409e-002
1.807742e-002
1.939806e-002
2.153822e-002
2.290500e-002
2.286025e-002
2.397144e-002
2.676850e-002
2.874494e-002
2.901131e-002
2.877725e-002
2.991485e-002
3.119709e-002
2.993909e-002
2.647177e-002
2.307905e-002
2.102170e-002
1.912425e-002
1.675705e-002
1.528459e-002
1.520812e-002
1.690129e-002
1.961937e-002
2.165075e-002
2.235091e-002
2.247998e-002
2.324308e-002
2.322682e-002
2.218624e-002
2.067559e-002
1.845312e-002
1.681763e-002
1.605772e-002
1.547573e-002
1.445208e-002
1.326055e-002
1.287255e-002
1.328445e-002
1.410521e-002
1.371823e-002
1.144560e-002
9.327215e-003
9.327471e-003
1.133980e-002
1.297983e-002
1.277030e-002
1.195835e-002
1.266741e-002
1.403332e-002
1.373556e-002
1.171835e-002
9.153360e-003
7.109342e-003
5.136856e-003
3.248150e-003
2.117957e-003
1.392015e-003
1.337305e-003
2.643487e-003
4.458355e-003
5.142372e-003
5.404580e-003
6.108860e-003
6.362364e-003
4.832069e-003
1.907826e-003
2.637648e-004
3.375636e-004
1.452910e-003
1.932007e-003
6.272082e-004
-7.125125e-004
-1.301436e-003
-1.009304e-003
-9.198520e-004
-1.952282e-003
-2.920188e-003
-3.147412e-003
-3.066583e-003
-3.151890e-003
-2.596326e-003
-1.016180e-003
3.111158e-004
4.631782e-004
-5.934914e-004
-2.093163e-003
-3.449463e-003
-4.558177e-003
-5.216337e-003
-5.036466e-003
-4.043963e-003
-3.631664e-003
-5.325724e-003
-8.148199e-003
-8.826690e-003
-6.273807e-003
-3.398344e-003
-3.118204e-003
-5.156864e-003
-6.889506e-003
-6.690252e-003
-5.629155e-003
-5.217327e-003
-6.147813e-003
-7.784534e-003
-9.276458e-003
-9.497079e-003
-7.511432e-003
-5.252846e-003
-5.219005e-003
-7.471616e-003
-9.277815e-003
-8.606907e-003
-6.401288e-003
-5.164203e-003
-6.347386e-003
-8.525444e-003
-9.272439e-003
-7.221246e-003
-3.932877e-003
-2.784480e-003
-5.230786e-003
-8.961873e-003
-1.048953e-002
-9.375851e-003
-7.938642e-003
-7.954260e-003
-9.173043e-003
-1.009176e-002
-1.040401e-002
-1.077288e-002
-1.091225e-002
-1.127803e-002
-1.146779e-002
-1.042574e-002
-8.043419e-003
-5.938590e-003
-6.260926e-003
-8.340231e-003
-1.011969e-002
-1.014886e-002
-9.172604e-003
-9.531585e-003
-1.107627e-002
-1.139793e-002
-9.848092e-003
-8.650742e-003
-9.294651e-003
-1.072384e-002
-1.136284e-002
-1.086351e-002
-1.122530e-002
-1.236725e-002
-1.250537e-002
-1.120175e-002
-9.085846e-003
-8.050347e-003
-7.943582e-003
-8.217082e-003
-8.610034e-003
-8.667963e-003
-9.072965e-003
-9.523865e-003
-1.006083e-002
-1.031159e-002
-1.078556e-002
-1.227213e-002
-1.345930e-002
-1.356117e-002
-1.219040e-002
-1.025955e-002
-8.897230e-003
-7.983640e-003
-7.952116e-003
-8.826859e-003
-9.643798e-003
-1.042122e-002
-1.091039e-002
-1.059812e-002
-1.021113e-002
-1.081471e-002
-1.143720e-002
-1.067290e-002
-1.030461e-002
-1.114424e-002
-1.193931e-002
-1.147513e-002
-9.911066e-003
-9.113136e-003
-9.645770e-003
-1.120706e-002
-1.277623e-002
-1.310216e-002
-1.236291e-002
-1.150346e-002
-1.093229e-002
-1.004487e-002
-8.924971e-003
-8.062405e-003
-7.498645e-003
-7.790402e-003
-9.121815e-003
-1.095051e-002
-1.266869e-002
-1.374562e-002
-1.426298e-002
-1.370722e-002
-1.140826e-002
-8.561426e-003
-7.095502e-003
-6.917928e-003
-7.345862e-003
-8.261492e-003
-9.161255e-003
-1.042219e-002
-1.135803e-002
-1.145345e-002
-1.072960e-002
-9.784663e-003
-9.735309e-003
-9.765058e-003
-8.902862e-003
-7.692998e-003
-7.550550e-003
-8.935161e-003
-1.110267e-002
-1.216810e-002
-1.205668e-002
-1.176654e-002
-1.114172e-002
-1.063250e-002
-9.976711e-003
-9.272388e-003
-9.358781e-003
-9.929200e-003
-1.033730e-002
-9.972377e-003
-9.191256e-003
-8.691952e-003
-8.604705e-003
-9.072030e-003
-9.868919e-003
-1.035657e-002
-1.023432e-002
-1.060049e-002
-1.086349e-002
-1.027097e-002
-9.572620e-003
-8.825902e-003
-9.090345e-003
-9.794094e-003
-9.474724e-003
-8.572154e-003
-8.006892e-003
-8.684123e-003
-1.028041e-002
-1.074299e-002
-9.139024e-003
-7.100357e-003
-6.305229e-003
-6.841548e-003
-7.523190e-003
-7.481665e-003
-6.714922e-003
-5.882853e-003
-5.999403e-003
-6.554805e-003
-7.340602e-003
-8.029147e-003
-7.643098e-003
-7.117295e-003
-6.927136e-003
-7.052896e-003
-6.329853e-003
-4.304945e-003
-3.393309e-003
-4.735714e-003
-7.395743e-003
-9.646616e-003
-1.083967e-002
-1.144080e-002
-1.123987e-002
-9.190504e-003
-6.378473e-003
-4.911795e-003
-4.751119e-003
-4.690218e-003
-3.460954e-003
-2.010858e-003
-2.546545e-003
-5.638824e-003
-8.379546e-003
-8.305508e-003
-8.228976e-003
-1.064361e-002
-1.294214e-002
-1.174942e-002
-8.204310e-003
-6.399205e-003
-7.736351e-003
-1.032639e-002
-1.224126e-002
-1.177052e-002
-9.117088e-003
-6.078009e-003
-3.685950e-003
-2.622893e-003
-2.492718e-003
-3.391053e-003
-5.379941e-003
-6.379610e-003
-6.473609e-003
-7.411271e-003
-9.574932e-003
-1.272111e-002
-1.424776e-002
-1.245833e-002
-9.105811e-003
-6.277641e-003
-5.362717e-003
-6.460018e-003
-7.974700e-003
-6.950397e-003
-2.617415e-003
1.090790e-003
7.225428e-004
-2.526647e-003
-5.395362e-003
-6.443241e-003
-6.390168e-003
-6.689320e-003
-7.941477e-003
-9.132386e-003
-9.906814e-003
-1.029723e-002
-9.170649e-003
-6.574273e-003
-4.294244e-003
-3.122544e-003
-1.640417e-003
-2.973078e-004
-8.723512e-004
-1.534508e-003
-3.251671e-004
1.858503e-003
2.330043e-003
-1.496874e-003
-8.022646e-003
-1.239725e-002
-1.180971e-002
-8.880954e-003
-8.108643e-003
-1.002363e-002
-1.138576e-002
-8.293702e-003
-1.638133e-003
3.417751e-003
4.028734e-003
9.754804e-004
-1.744974e-003
-2.979248e-004
2.515182e-003
2.697688e-003
-1.742104e-004
-5.270415e-003
-9.137482e-003
-8.537459e-003
-4.733414e-003
-2.422896e-003
-3.333888e-003
-4.687108e-003
-4.700216e-003
-4.141767e-003
-3.394021e-003
-1.093358e-003
2.457375e-003
4.608722e-003
4.154526e-003
2.774091e-003
2.741962e-003
2.973119e-003
8.682826e-004
-3.376135e-003
-6.684787e-003
-6.461330e-003
-3.610023e-003
-1.555616e-003
-1.857597e-003
-2.712980e-003
-3.602471e-003
-3.938308e-003
-1.671827e-003
2.780788e-003
6.047495e-003
5.868991e-003
3.264380e-003
4.400680e-004
-1.028929e-004
7.854439e-004
4.291529e-004
-2.014925e-003
-6.087317e-003
-9.744738e-003
-9.956473e-003
-6.224848e-003
-2.176241e-003
5.087389e-004
1.362469e-003
7.390656e-004
1.278197e-003
3.610601e-003
5.899059e-003
6.261060e-003
4.705246e-003
1.508179e-003
-2.345461e-003
-4.293258e-003
-3.131320e-003
-8.686344e-004
-1.092941e-003
-3.907997e-003
-5.840154e-003
-5.696587e-003
-5.089867e-003
-4.350233e-003
-1.649666e-003
2.589751e-003
5.733653e-003
7.308315e-003
8.038600e-003
7.542505e-003
5.037787e-003
2.248602e-003
9.773317e-004
8.122417e-004
-5.797149e-005
-1.906597e-003
-3.779496e-003
-5.565571e-003
-5.842907e-003
-4.240285e-003
-2.316360e-003
-2.128890e-003
-3.748281e-003
-3.996904e-003
-3.216796e-004
4.776979e-003
6.835194e-003
5.897010e-003
3.735837e-003
7.272824e-004
-8.517712e-004
1.429532e-003
4.718894e-003
4.578359e-003
1.650889e-003
-5.615857e-004
-1.566463e-003
-2.414634e-003
-2.570291e-003
-1.606137e-003
6.382743e-004
2.807514e-003
2.838532e-003
1.243835e-003
2.630418e-004
1.059147e-003
2.960919e-003
3.263319e-003
6.961386e-005
-3.601673e-003
-4.025989e-003
-6.848030e-004
2.766217e-003
2.103811e-003
-1.488059e-003
-3.248690e-003
-9.646693e-004
2.402536e-003
3.609732e-003
2.206497e-003
-5.529180e-004
-1.459276e-003
1.271096e-003
4.952615e-003
5.116016e-003
2.219807e-003
6.639726e-004
1.108645e-003
1.200535e-003
3.466546e-004
7.680006e-004
2.584531e-003
2.773592e-003
1.313078e-003
7.191572e-004
8.094361e-004
-2.012771e-004
-1.323824e-003
-8.776529e-006
2.341424e-003
2.781236e-003
1.908916e-003
1.515014e-003
2.332189e-003
3.041111e-003
1.899810e-003
-6.998882e-004
-1.959647e-003
-2.328909e-004
2.210347e-003
2.849827e-003
1.655938e-003
9.186024e-004
9.976624e-004
-1.100377e-004
-1.769809e-003
-1.972005e-003
-2.119198e-004
2.147617e-003
3.271417e-003
2.971973e-003
1.973867e-003
1.277471e-003
1.945747e-003
2.455600e-003
8.357479e-004
-1.321177e-003
-8.336572e-004
2.264973e-003
4.178133e-003
3.229789e-003
1.488516e-003
4.404291e-004
-1.496911e-004
-2.611578e-004
-6.951852e-004
-1.483822e-003
-1.149256e-003
8.879052e-004
3.549488e-003
4.573063e-003
3.908726e-003
3.464173e-003
3.921175e-003
3.664888e-003
1.303467e-003
-1.618644e-003
-3.087713e-003
-3.041506e-003
-2.195331e-003
-6.396806e-004
1.501600e-003
3.366831e-003
4.199837e-003
3.839731e-003
3.574472e-003
3.114729e-003
1.433167e-003
-2.012018e-004
-8.344862e-004
-3.221998e-004
3.591044e-004
1.038380e-003
2.226369e-003
3.526749e-003
4.785955e-003
5.068090e-003
3.683501e-003
1.987220e-003
1.404154e-003
1.155306e-003
7.811727e-004
7.394871e-004
9.174691e-004
1.401538e-003
2.242713e-003
3.351697e-003
3.293700e-003
2.216075e-003
2.463693e-003
4.128603e-003
4.377189e-003
2.497633e-003
7.562454e-004
3.877785e-004
1.595943e-003
2.840006e-003
3.002464e-003
2.510407e-003
2.566355e-003
3.330583e-003
3.564312e-003
3.135537e-003
1.834264e-003
5.048426e-004
1.359321e-004
5.136751e-004
1.186383e-003
1.945935e-003
3.128223e-003
4.494090e-003
5.201260e-003
4.238279e-003
2.314204e-003
1.259683e-003
1.968676e-003
3.432062e-003
3.425697e-003
1.576027e-003
2.494253e-004
1.761263e-004
4.523495e-004
7.712403e-004
1.200540e-003
1.791050e-003
1.965457e-003
1.620824e-003
1.487053e-003
2.103697e-003
2.779404e-003
3.343402e-003
3.615696e-003
3.066754e-003
2.068241e-003
1.371343e-003
6.265863e-004
-4.766575e-004
-9.832098e-004
-4.798526e-004
2.118380e-004
1.807394e-004
-6.131813e-004
-8.868786e-004
2.248153e-004
1.744690e-003
2.901403e-003
3.551712e-003
3.219002e-003
2.132624e-003
1.958600e-003
2.735100e-003
3.012384e-003
1.750003e-003
-1.195362e-005
-4.028456e-004
1.008815e-004
7.184837e-004
6.400026e-004
-1.931008e-004
-6.144710e-004
-2.470545e-004
5.243039e-004
1.186624e-003
1.387115e-003
1.261463e-003
1.861668e-003
3.219219e-003
3.572571e-003
2.490061e-003
8.742299e-004
-2.001546e-004
-1.179490e-004
9.034584e-004
1.257665e-003
3.246263e-004
-3.881023e-004
-7.062799e-005
1.260348e-003
1.947921e-003
1.859425e-003
1.874128e-003
2.361489e-003
3.307438e-003
3.298809e-003
2.776639e-003
2.209764e-003
1.848770e-003
1.880776e-003
1.198861e-003
2.747225e-004
4.147684e-004
8.414575e-004
4.224826e-004
-4.909348e-004
-8.820108e-004
-4.103592e-004
8.142693e-004
2.683074e-003
4.033600e-003
3.716543e-003
1.826293e-003
6.662208e-004
1.158577e-003
2.066248e-003
2.467718e-003
1.287154e-003
-7.921860e-004
-1.978112e-003
-1.155169e-003
2.461498e-004
9.021991e-004
1.309438e-003
1.690466e-003
2.297706e-003
2.197565e-003
1.818669e-003
1.907685e-003
1.892185e-003
1.710530e-003
1.119622e-003
2.196436e-004
-4.182997e-004
-1.309140e-004
6.813636e-004
5.632949e-004
-6.055609e-004
-2.089873e-003
-2.721358e-003
-1.588267e-003
1.369724e-004
7.991879e-004
3.805715e-004
1.524230e-004
3.644283e-004
1.143603e-003
2.188924e-003
2.229841e-003
1.866774e-003
1.665640e-003
1.074220e-003
7.374756e-004
8.298255e-004
4.899829e-004
1.858343e-004
2.261707e-004
5.940593e-004
1.130778e-003
1.526944e-003
2.174560e-003
2.501662e-003
1.972343e-003
7.708680e-004
1.437607e-004
8.365209e-004
1.466735e-003
1.375913e-003
1.398582e-003
2.313274e-003
2.926228e-003
2.160010e-003
1.078173e-003
4.898258e-004
6.128303e-004
1.149776e-003
1.377671e-003
6.652569e-004
-3.622088e-004
-4.530936e-004
2.703975e-004
1.049211e-003
1.631541e-003
1.554571e-003
6.529177e-004
2.111500e-004
2.164385e-004
2.280904e-004
2.185426e-004
-1.500979e-004
-4.202943e-004
-1.697805e-004
5.309201e-004
8.792944e-004
2.795892e-004
-2.551401e-004
5.032683e-004
1.382918e-003
1.120415e-003
7.071760e-004
1.451171e-003
2.327277e-003
2.490060e-003
2.059236e-003
7.612680e-004
-6.665292e-004
-1.265761e-003
-5.961080e-004
4.013993e-004
1.070775e-003
1.374115e-003
1.270979e-003
3.254753e-004
-1.236753e-003
-1.686056e-003
-5.941480e-004
1.182416e-003
1.757429e-003
9.679183e-004
7.270853e-004
8.954304e-004
1.500282e-003
1.881618e-003
1.447400e-003
8.060869e-004
-3.344652e-004
-8.071613e-004
1.415775e-004
1.588754e-003
1.759431e-003
6.539976e-004
2.001907e-004
7.578397e-004
1.383992e-003
6.674105e-004
-4.956067e-004
-9.435038e-004
-8.098797e-004
-9.759237e-006
2.754843e-004
1.973913e-004
2.212744e-004
8.385274e-004
1.654166e-003
1.338037e-003
8.098583e-004
7.503403e-004
1.189037e-003
1.226663e-003
1.024908e-004
-8.703028e-004
-4.562626e-004
2.459370e-004
-2.441189e-005
-9.981755e-004
-1.376612e-003
-2.266646e-004
1.583487e-003
2.528779e-003
1.258487e-003
-1.486344e-003
-3.014630e-003
-2.298018e-003
-5.242643e-004
7.176335e-004
5.283051e-004
-6.475665e-004
-1.270035e-003
-7.183442e-004
-5.245501e-004
-1.455413e-003
-1.993099e-003
-1.625048e-003
-1.348030e-003
-1.587525e-003
-1.934951e-003
-2.068106e-003
