-9.63099e-13 -1.81779e-09 0 1.36211e-11 -1.81779e-09 0 -9.6623e-13 -1.82538e-09 0 1.36243e-11 -1.82538e-09 0 0 0 -2.6286e-10 6.69955e-21 -4.96514e-10 -2.1905e-10 1.33991e-20 -8.17788e-10 -8.76201e-11 1.2658e-11 -8.17788e-10 8.76201e-11 1.2658e-11 -4.96514e-10 2.1905e-10 1.2658e-11 0 2.6286e-10
-1.03097e-12 -2.63558e-09 0 2.8135e-11 -2.63558e-09 0 -1.03767e-12 -2.65076e-09 0 2.81417e-11 -2.65076e-09 0 0 0 -5.25721e-10 3.01694e-21 -9.93028e-10 -4.38101e-10 6.0404e-21 -1.63558e-09 -1.7524e-10 2.71036e-11 -1.63558e-09 1.7524e-10 2.71036e-11 -9.93028e-10 4.38101e-10 2.71036e-11 0 5.25721e-10
-1.54646e-12 -3.95336e-09 0 4.22025e-11 -3.95336e-09 0 -1.55651e-12 -3.97614e-09 0 4.22125e-11 -3.97614e-09 0 0 0 -7.88581e-10 4.85336e-21 -1.48954e-09 -6.57151e-10 9.71719e-21 -2.45336e-09 -2.6286e-10 4.06556e-11 -2.45336e-09 2.6286e-10 4.06556e-11 -1.48954e-09 6.57151e-10 4.06556e-11 0 7.88581e-10
-2.06236e-12 -5.27115e-09 0 5.62696e-11 -5.27115e-09 0 -2.07577e-12 -5.30152e-09 0 5.6283e-11 -5.30152e-09 0 0 0 -1.05144e-09 4.85473e-21 -1.98606e-09 -8.76201e-10 9.73041e-21 -3.27115e-09 -3.50481e-10 5.42076e-11 -3.27115e-09 3.50481e-10 5.42076e-11 -1.98606e-09 8.76201e-10 5.42076e-11 0 1.05144e-09
-2.57779e-12 -6.58894e-09 0 7.03371e-11 -6.58894e-09 0 -2.59455e-12 -6.6269e-09 0 7.03539e-11 -6.6269e-09 0 0 0 -1.3143e-09 4.85151e-21 -2.48257e-09 -1.09525e-09 9.73795e-21 -4.08894e-09 -4.38101e-10 6.77597e-11 -4.08894e-09 4.38101e-10 6.77597e-11 -2.48257e-09 1.09525e-09 6.77597e-11 0 1.3143e-09
-3.09319e-12 -7.90673e-09 0 8.44047e-11 -7.90673e-09 0 -3.1133e-12 -7.95228e-09 0 8.44248e-11 -7.95228e-09 0 0 0 -1.57716e-09 4.85175e-21 -2.97909e-09 -1.3143e-09 9.75591e-21 -4.90673e-09 -5.25721e-10 8.13115e-11 -4.90673e-09 5.25721e-10 8.13115e-11 -2.97909e-09 1.3143e-09 8.13115e-11 0 1.57716e-09
-3.60896e-12 -9.22452e-09 0 9.84719e-11 -9.22452e-09 0 -3.63242e-12 -9.27766e-09 0 9.84953e-11 -9.27766e-09 0 0 0 -1.84002e-09 4.8552e-21 -3.4756e-09 -1.53335e-09 9.78375e-21 -5.72452e-09 -6.13341e-10 9.48625e-11 -5.72452e-09 6.13341e-10 9.48625e-11 -3.4756e-09 1.53335e-09 9.48625e-11 0 1.84002e-09
-4.12426e-12 -1.05423e-08 0 1.1254e-10 -1.05423e-08 0 -4.15107e-12 -1.0603e-08 0 1.12566e-10 -1.0603e-08 0 0 0 -2.10288e-09 4.86806e-21 -3.97211e-09 -1.7524e-09 9.83393e-21 -6.5423e-09 -7.00961e-10 1.08414e-10 -6.5423e-09 7.00961e-10 1.08414e-10 -3.97211e-09 1.7524e-09 1.08414e-10 0 2.10288e-09
-4.63997e-12 -1.18601e-08 0 1.26607e-10 -1.18601e-08 0 -4.67014e-12 -1.19284e-08 0 1.26637e-10 -1.19284e-08 0 0 0 -2.36574e-09 4.85075e-21 -4.46863e-09 -1.97145e-09 9.82725e-21 -7.36009e-09 -7.88581e-10 1.21966e-10 -7.36009e-09 7.88581e-10 1.21966e-10 -4.46863e-09 1.97145e-09 1.21966e-10 0 2.36574e-09
-5.15567e-12 -1.31779e-08 0 1.40674e-10 -1.31779e-08 0 -5.18919e-12 -1.32538e-08 0 1.40708e-10 -1.32538e-08 0 0 0 -2.6286e-09 4.86585e-21 -4.96514e-09 -2.1905e-09 9.88889e-21 -8.17788e-09 -8.76201e-10 1.35519e-10 -8.17788e-09 8.76201e-10 1.35519e-10 -4.96514e-09 2.1905e-09 1.35519e-10 0 2.6286e-09
-5.67088e-12 -1.44957e-08 0 1.54742e-10 -1.44957e-08 0 -5.70776e-12 -1.45792e-08 0 1.54779e-10 -1.45792e-08 0 0 0 -2.89146e-09 4.85245e-21 -5.46166e-09 -2.40955e-09 9.89705e-21 -8.99567e-09 -9.63822e-10 1.49071e-10 -8.99567e-09 9.63822e-10 1.49071e-10 -5.46166e-09 2.40955e-09 1.49071e-10 0 2.89146e-09
-6.18651e-12 -1.58135e-08 0 1.68809e-10 -1.58135e-08 0 -6.22673e-12 -1.59046e-08 0 1.68849e-10 -1.59046e-08 0 0 0 -3.15433e-09 4.86525e-21 -5.95817e-09 -2.6286e-09 9.96105e-21 -9.81346e-09 -1.05144e-09 1.62622e-10 -9.81346e-09 1.05144e-09 1.62622e-10 -5.95817e-09 2.6286e-09 1.62622e-10 0 3.15433e-09
-6.70211e-12 -1.71312e-08 0 1.82877e-10 -1.71312e-08 0 -6.74568e-12 -1.72299e-08 0 1.8292e-10 -1.72299e-08 0 0 0 -3.41719e-09 4.85472e-21 -6.45468e-09 -2.84765e-09 9.98192e-21 -1.06312e-08 -1.13906e-09 1.76175e-10 -1.06312e-08 1.13906e-09 1.76175e-10 -6.45468e-09 2.84765e-09 1.76175e-10 0 3.41719e-09
-7.21767e-12 -1.8449e-08 0 1.96944e-10 -1.8449e-08 0 -7.2646e-12 -1.85553e-08 0 1.96991e-10 -1.85553e-08 0 0 0 -3.68005e-09 4.86351e-21 -6.9512e-09 -3.06671e-09 1.00449e-20 -1.1449e-08 -1.22668e-09 1.89726e-10 -1.1449e-08 1.22668e-09 1.89726e-10 -6.9512e-09 3.06671e-09 1.89726e-10 0 3.68005e-09
-7.73319e-12 -1.97668e-08 0 2.11011e-10 -1.97668e-08 0 -7.78347e-12 -1.98807e-08 0 2.11062e-10 -1.98807e-08 0 0 0 -3.94291e-09 4.85363e-21 -7.44771e-09 -3.28576e-09 1.00741e-20 -1.22668e-08 -1.3143e-09 2.03278e-10 -1.22668e-08 1.3143e-09 2.03278e-10 -7.44771e-09 3.28576e-09 2.03278e-10 0 3.94291e-09
-8.24868e-12 -2.10846e-08 0 2.25079e-10 -2.10846e-08 0 -8.30231e-12 -2.12061e-08 0 2.25133e-10 -2.12061e-08 0 0 0 -4.20577e-09 4.86677e-21 -7.94423e-09 -3.50481e-09 1.01527e-20 -1.30846e-08 -1.40192e-09 2.1683e-10 -1.30846e-08 1.40192e-09 2.1683e-10 -7.94423e-09 3.50481e-09 2.1683e-10 0 4.20577e-09
-8.76456e-12 -2.24024e-08 0 2.39146e-10 -2.24024e-08 0 -8.82154e-12 -2.25315e-08 0 2.39203e-10 -2.25315e-08 0 0 0 -4.46863e-09 4.85034e-21 -8.44074e-09 -3.72386e-09 1.01757e-20 -1.39024e-08 -1.48954e-09 2.30381e-10 -1.39024e-08 1.48954e-09 2.30381e-10 -8.44074e-09 3.72386e-09 2.30381e-10 0 4.46863e-09
-9.28e-12 -2.37202e-08 0 2.53214e-10 -2.37202e-08 0 -9.34033e-12 -2.38568e-08 0 2.53274e-10 -2.38568e-08 0 0 0 -4.73149e-09 4.86582e-21 -8.93726e-09 -3.94291e-09 1.02661e-20 -1.47202e-08 -1.57716e-09 2.43934e-10 -1.47202e-08 1.57716e-09 2.43934e-10 -8.93726e-09 3.94291e-09 2.43934e-10 0 4.73149e-09
-9.7954e-12 -2.5038e-08 0 2.67281e-10 -2.5038e-08 0 -9.85909e-12 -2.51822e-08 0 2.67345e-10 -2.51822e-08 0 0 0 -4.99435e-09 4.85129e-21 -9.43377e-09 -4.16196e-09 1.03e-20 -1.5538e-08 -1.66478e-09 2.57486e-10 -1.5538e-08 1.66478e-09 2.57486e-10 -9.43377e-09 4.16196e-09 2.57486e-10 0 4.99435e-09
-1.03112e-11 -2.63558e-08 0 2.81348e-10 -2.63558e-08 0 -1.03782e-11 -2.65076e-08 0 2.81415e-10 -2.65076e-08 0 0 0 -5.25721e-09 4.85286e-21 -9.93028e-09 -4.38101e-09 1.03694e-20 -1.63558e-08 -1.7524e-09 2.71038e-10 -1.63558e-08 1.7524e-09 2.71038e-10 -9.93028e-09 4.38101e-09 2.71038e-10 0 5.25721e-09
-1.08265e-11 -2.76735e-08 0 2.95416e-10 -2.76735e-08 0 -1.08969e-11 -2.7833e-08 0 2.95486e-10 -2.7833e-08 0 0 0 -5.52007e-09 4.8535e-21 -1.04268e-08 -4.60006e-09 1.04406e-20 -1.71735e-08 -1.84002e-09 2.8459e-10 -1.71735e-08 1.84002e-09 2.8459e-10 -1.04268e-08 4.60006e-09 2.8459e-10 0 5.52007e-09
-1.13423e-11 -2.89913e-08 0 3.09483e-10 -2.89913e-08 0 -1.1416e-11 -2.91583e-08 0 3.09557e-10 -2.91583e-08 0 0 0 -5.78293e-09 4.8511e-21 -1.09233e-08 -4.81911e-09 1.05091e-20 -1.79913e-08 -1.92764e-09 2.98141e-10 -1.79913e-08 1.92764e-09 2.98141e-10 -1.09233e-08 4.81911e-09 2.98141e-10 0 5.78293e-09
-1.18576e-11 -3.03091e-08 0 3.23551e-10 -3.03091e-08 0 -1.19347e-11 -3.04837e-08 0 3.23628e-10 -3.04837e-08 0 0 0 -6.04579e-09 4.8654e-21 -1.14198e-08 -5.03816e-09 1.06146e-20 -1.88091e-08 -2.01526e-09 3.11694e-10 -1.88091e-08 2.01526e-09 3.11694e-10 -1.14198e-08 5.03816e-09 3.11694e-10 0 6.04579e-09
-1.23732e-11 -3.16269e-08 0 3.37618e-10 -3.16269e-08 0 -1.24537e-11 -3.18091e-08 0 3.37699e-10 -3.18091e-08 0 0 0 -6.30865e-09 4.85269e-21 -1.19163e-08 -5.25721e-09 1.06695e-20 -1.96269e-08 -2.10288e-09 3.25245e-10 -1.96269e-08 2.10288e-09 3.25245e-10 -1.19163e-08 5.25721e-09 3.25245e-10 0 6.30865e-09
-1.28888e-11 -3.29447e-08 0 3.51686e-10 -3.29447e-08 0 -1.29726e-11 -3.31345e-08 0 3.51769e-10 -3.31345e-08 0 0 0 -6.57151e-09 4.85142e-21 -1.24129e-08 -5.47626e-09 1.07508e-20 -2.04447e-08 -2.1905e-09 3.38796e-10 -2.04447e-08 2.1905e-09 3.38796e-10 -1.24129e-08 5.47626e-09 3.38796e-10 0 6.57151e-09
-1.34044e-11 -3.42625e-08 0 3.65753e-10 -3.42625e-08 0 -1.34916e-11 -3.44599e-08 0 3.6584e-10 -3.44599e-08 0 0 0 -6.83437e-09 4.85057e-21 -1.29094e-08 -5.69531e-09 1.08365e-20 -2.12625e-08 -2.27812e-09 3.52349e-10 -2.12625e-08 2.27812e-09 3.52349e-10 -1.29094e-08 5.69531e-09 3.52349e-10 0 6.83437e-09
-1.392e-11 -3.55803e-08 0 3.7982e-10 -3.55803e-08 0 -1.40105e-11 -3.57852e-08 0 3.79911e-10 -3.57852e-08 0 0 0 -7.09723e-09 4.85089e-21 -1.34059e-08 -5.91436e-09 1.09279e-20 -2.20803e-08 -2.36574e-09 3.65901e-10 -2.20803e-08 2.36574e-09 3.65901e-10 -1.34059e-08 5.91436e-09 3.65901e-10 0 7.09723e-09
-1.44356e-11 -3.68981e-08 0 3.93888e-10 -3.68981e-08 0 -1.45294e-11 -3.71106e-08 0 3.93982e-10 -3.71106e-08 0 0 0 -7.36009e-09 4.85006e-21 -1.39024e-08 -6.13341e-09 1.10206e-20 -2.28981e-08 -2.45336e-09 3.79453e-10 -2.28981e-08 2.45336e-09 3.79453e-10 -1.39024e-08 6.13341e-09 3.79453e-10 0 7.36009e-09
-1.49511e-11 -3.82159e-08 0 4.07955e-10 -3.82159e-08 0 -1.50483e-11 -3.8436e-08 0 4.08052e-10 -3.8436e-08 0 0 0 -7.62295e-09 4.85042e-21 -1.43989e-08 -6.35246e-09 1.11192e-20 -2.37159e-08 -2.54098e-09 3.93004e-10 -2.37159e-08 2.54098e-09 3.93004e-10 -1.43989e-08 6.35246e-09 3.93004e-10 0 7.62295e-09
-1.54665e-11 -3.95336e-08 0 4.22023e-10 -3.95336e-08 0 -1.55671e-11 -3.97614e-08 0 4.22123e-10 -3.97614e-08 0 0 0 -7.88581e-09 4.85e-21 -1.48954e-08 -6.57151e-09 1.12196e-20 -2.45336e-08 -2.6286e-09 4.06557e-10 -2.45336e-08 2.6286e-09 4.06557e-10 -1.48954e-08 6.57151e-09 4.06557e-10 0 7.88581e-09
-1.5982e-11 -4.08514e-08 0 4.3609e-10 -4.08514e-08 0 -1.60859e-11 -4.10868e-08 0 4.36194e-10 -4.10868e-08 0 0 0 -8.14867e-09 4.85006e-21 -1.53919e-08 -6.79056e-09 1.13245e-20 -2.53514e-08 -2.71622e-09 4.20108e-10 -2.53514e-08 2.71622e-09 4.20108e-10 -1.53919e-08 6.79056e-09 4.20108e-10 0 8.14867e-09
-1.64978e-11 -4.21692e-08 0 4.50157e-10 -4.21692e-08 0 -1.66051e-11 -4.24121e-08 0 4.50265e-10 -4.24121e-08 0 0 0 -8.41153e-09 4.85124e-21 -1.58885e-08 -7.00961e-09 1.14352e-20 -2.61692e-08 -2.80384e-09 4.3366e-10 -2.61692e-08 2.80384e-09 4.3366e-10 -1.58885e-08 7.00961e-09 4.3366e-10 0 8.41153e-09
-1.70131e-11 -4.3487e-08 0 4.64225e-10 -4.3487e-08 0 -1.71238e-11 -4.37375e-08 0 4.64336e-10 -4.37375e-08 0 0 0 -8.67439e-09 4.85451e-21 -1.6385e-08 -7.22866e-09 1.15535e-20 -2.6987e-08 -2.89146e-09 4.47211e-10 -2.6987e-08 2.89146e-09 4.47211e-10 -1.6385e-08 7.22866e-09 4.47211e-10 0 8.67439e-09
-1.75289e-11 -4.48048e-08 0 4.78292e-10 -4.48048e-08 0 -1.76429e-11 -4.50629e-08 0 4.78406e-10 -4.50629e-08 0 0 0 -8.93726e-09 4.85209e-21 -1.68815e-08 -7.44771e-09 1.16639e-20 -2.78048e-08 -2.97909e-09 4.60763e-10 -2.78048e-08 2.97909e-09 4.60763e-10 -1.68815e-08 7.44771e-09 4.60763e-10 0 8.93726e-09
-1.80442e-11 -4.61226e-08 0 4.9236e-10 -4.61226e-08 0 -1.81615e-11 -4.63883e-08 0 4.92477e-10 -4.63883e-08 0 0 0 -9.20012e-09 4.83843e-21 -1.7378e-08 -7.66676e-09 1.17554e-20 -2.86226e-08 -3.06671e-09 4.74315e-10 -2.86226e-08 3.06671e-09 4.74315e-10 -1.7378e-08 7.66676e-09 4.74315e-10 0 9.20012e-09
-1.85599e-11 -4.74404e-08 0 5.06427e-10 -4.74404e-08 0 -1.86806e-11 -4.77137e-08 0 5.06548e-10 -4.77137e-08 0 0 0 -9.46298e-09 4.8542e-21 -1.78745e-08 -7.88581e-09 1.19092e-20 -2.94404e-08 -3.15433e-09 4.87867e-10 -2.94404e-08 3.15433e-09 4.87867e-10 -1.78745e-08 7.88581e-09 4.87867e-10 0 9.46298e-09
-1.90755e-11 -4.87582e-08 0 5.20495e-10 -4.87582e-08 0 -1.91996e-11 -4.9039e-08 0 5.20619e-10 -4.9039e-08 0 0 0 -9.72584e-09 4.85156e-21 -1.8371e-08 -8.10486e-09 1.20297e-20 -3.02582e-08 -3.24195e-09 5.01419e-10 -3.02582e-08 3.24195e-09 5.01419e-10 -1.8371e-08 8.10486e-09 5.01419e-10 0 9.72584e-09
-1.95912e-11 -5.00759e-08 0 5.34562e-10 -5.00759e-08 0 -1.97185e-11 -5.03644e-08 0 5.34689e-10 -5.03644e-08 0 0 0 -9.9887e-09 4.86672e-21 -1.88675e-08 -8.32391e-09 1.21892e-20 -3.10759e-08 -3.32957e-09 5.14971e-10 -3.10759e-08 3.32957e-09 5.14971e-10 -1.88675e-08 8.32391e-09 5.14971e-10 0 9.9887e-09
-2.01067e-11 -5.13937e-08 0 5.48629e-10 -5.13937e-08 0 -2.02375e-11 -5.16898e-08 0 5.4876e-10 -5.16898e-08 0 0 0 -1.02516e-08 4.86576e-21 -1.93641e-08 -8.54296e-09 1.23201e-20 -3.18937e-08 -3.41719e-09 5.28522e-10 -3.18937e-08 3.41719e-09 5.28522e-10 -1.93641e-08 8.54296e-09 5.28522e-10 0 1.02516e-08
-2.06223e-11 -5.27115e-08 0 5.62697e-10 -5.27115e-08 0 -2.07564e-11 -5.30152e-08 0 5.62831e-10 -5.30152e-08 0 0 0 -1.05144e-08 4.86738e-21 -1.98606e-08 -8.76201e-09 1.24596e-20 -3.27115e-08 -3.50481e-09 5.42075e-10 -3.27115e-08 3.50481e-09 5.42075e-10 -1.98606e-08 8.76201e-09 5.42075e-10 0 1.05144e-08
-2.11379e-11 -5.40293e-08 0 5.76764e-10 -5.40293e-08 0 -2.12753e-11 -5.43406e-08 0 5.76902e-10 -5.43406e-08 0 0 0 -1.07773e-08 4.86564e-21 -2.03571e-08 -8.98107e-09 1.25958e-20 -3.35293e-08 -3.59243e-09 5.55626e-10 -3.35293e-08 3.59243e-09 5.55626e-10 -2.03571e-08 8.98107e-09 5.55626e-10 0 1.07773e-08
-2.16533e-11 -5.53471e-08 0 5.90832e-10 -5.53471e-08 0 -2.17941e-11 -5.56659e-08 0 5.90972e-10 -5.56659e-08 0 0 0 -1.10401e-08 4.86593e-21 -2.08536e-08 -9.20012e-09 1.27396e-20 -3.43471e-08 -3.68005e-09 5.69178e-10 -3.43471e-08 3.68005e-09 5.69178e-10 -2.08536e-08 9.20012e-09 5.69178e-10 0 1.10401e-08
-2.21688e-11 -5.66649e-08 0 6.04899e-10 -5.66649e-08 0 -2.23129e-11 -5.69913e-08 0 6.05043e-10 -5.69913e-08 0 0 0 -1.1303e-08 4.86733e-21 -2.13501e-08 -9.41917e-09 1.28892e-20 -3.51649e-08 -3.76767e-09 5.8273e-10 -3.51649e-08 3.76767e-09 5.8273e-10 -2.13501e-08 9.41917e-09 5.8273e-10 0 1.1303e-08
-2.26842e-11 -5.79827e-08 0 6.18967e-10 -5.79827e-08 0 -2.28317e-11 -5.83167e-08 0 6.19114e-10 -5.83167e-08 0 0 0 -1.15659e-08 4.86715e-21 -2.18466e-08 -9.63822e-09 1.3039e-20 -3.59827e-08 -3.85529e-09 5.96282e-10 -3.59827e-08 3.85529e-09 5.96282e-10 -2.18466e-08 9.63822e-09 5.96282e-10 0 1.15659e-08
-2.32001e-11 -5.93005e-08 0 6.33034e-10 -5.93005e-08 0 -2.33509e-11 -5.96421e-08 0 6.33185e-10 -5.96421e-08 0 0 0 -1.18287e-08 4.86748e-21 -2.23431e-08 -9.85727e-09 1.31933e-20 -3.68005e-08 -3.94291e-09 6.09834e-10 -3.68005e-08 3.94291e-09 6.09834e-10 -2.23431e-08 9.85727e-09 6.09834e-10 0 1.18287e-08
-2.37155e-11 -6.06183e-08 0 6.47101e-10 -6.06183e-08 0 -2.38696e-11 -6.09675e-08 0 6.47256e-10 -6.09675e-08 0 0 0 -1.20916e-08 4.86626e-21 -2.28397e-08 -1.00763e-08 1.33482e-20 -3.76183e-08 -4.03053e-09 6.23386e-10 -3.76183e-08 4.03053e-09 6.23386e-10 -2.28397e-08 1.00763e-08 6.23386e-10 0 1.20916e-08
-2.42312e-11 -6.1936e-08 0 6.61169e-10 -6.1936e-08 0 -2.43888e-11 -6.22928e-08 0 6.61326e-10 -6.22928e-08 0 0 0 -1.23544e-08 4.86751e-21 -2.33362e-08 -1.02954e-08 1.35113e-20 -3.8436e-08 -4.11815e-09 6.36938e-10 -3.8436e-08 4.11815e-09 6.36938e-10 -2.33362e-08 1.02954e-08 6.36938e-10 0 1.23544e-08
-2.47465e-11 -6.32538e-08 0 6.75236e-10 -6.32538e-08 0 -2.49074e-11 -6.36182e-08 0 6.75397e-10 -6.36182e-08 0 0 0 -1.26173e-08 4.86755e-21 -2.38327e-08 -1.05144e-08 1.36756e-20 -3.92538e-08 -4.20577e-09 6.5049e-10 -3.92538e-08 4.20577e-09 6.5049e-10 -2.38327e-08 1.05144e-08 6.5049e-10 0 1.26173e-08
-2.52623e-11 -6.45716e-08 0 6.89304e-10 -6.45716e-08 0 -2.54265e-11 -6.49436e-08 0 6.89468e-10 -6.49436e-08 0 0 0 -1.28802e-08 4.86622e-21 -2.43292e-08 -1.07335e-08 1.38406e-20 -4.00716e-08 -4.29339e-09 6.64042e-10 -4.00716e-08 4.29339e-09 6.64042e-10 -2.43292e-08 1.07335e-08 6.64042e-10 0 1.28802e-08
-2.57775e-11 -6.58894e-08 0 7.03371e-10 -6.58894e-08 0 -2.59451e-11 -6.6269e-08 0 7.03539e-10 -6.6269e-08 0 0 0 -1.3143e-08 4.86522e-21 -2.48257e-08 -1.09525e-08 1.40098e-20 -4.08894e-08 -4.38101e-09 6.77594e-10 -4.08894e-08 4.38101e-09 6.77594e-10 -2.48257e-08 1.09525e-08 6.77594e-10 0 1.3143e-08
-2.62932e-11 -6.72072e-08 0 7.17439e-10 -6.72072e-08 0 -2.64641e-11 -6.75944e-08 0 7.1761e-10 -6.75944e-08 0 0 0 -1.34059e-08 4.8537e-21 -2.53222e-08 -1.11716e-08 1.41614e-20 -4.17072e-08 -4.46863e-09 6.91146e-10 -4.17072e-08 4.46863e-09 6.91146e-10 -2.53222e-08 1.11716e-08 6.91146e-10 0 1.34059e-08
-2.68088e-11 -6.8525e-08 0 7.31506e-10 -6.8525e-08 0 -2.69831e-11 -6.89197e-08 0 7.3168e-10 -6.89197e-08 0 0 0 -1.36687e-08 4.86828e-21 -2.58187e-08 -1.13906e-08 1.43687e-20 -4.2525e-08 -4.55625e-09 7.04697e-10 -4.2525e-08 4.55625e-09 7.04697e-10 -2.58187e-08 1.13906e-08 7.04697e-10 0 1.36687e-08
-2.73244e-11 -6.98428e-08 0 7.45573e-10 -6.98428e-08 0 -2.7502e-11 -7.02451e-08 0 7.45751e-10 -7.02451e-08 0 0 0 -1.39316e-08 4.85159e-21 -2.63153e-08 -1.16097e-08 1.4517e-20 -4.33428e-08 -4.64387e-09 7.1825e-10 -4.33428e-08 4.64387e-09 7.1825e-10 -2.63153e-08 1.16097e-08 7.1825e-10 0 1.39316e-08
-2.78399e-11 -7.11606e-08 0 7.59641e-10 -7.11606e-08 0 -2.80209e-11 -7.15705e-08 0 7.59822e-10 -7.15705e-08 0 0 0 -1.41945e-08 4.86773e-21 -2.68118e-08 -1.18287e-08 1.47344e-20 -4.41606e-08 -4.73149e-09 7.31801e-10 -4.41606e-08 4.73149e-09 7.31801e-10 -2.68118e-08 1.18287e-08 7.31801e-10 0 1.41945e-08
-2.83554e-11 -7.24783e-08 0 7.73708e-10 -7.24783e-08 0 -2.85398e-11 -7.28959e-08 0 7.73893e-10 -7.28959e-08 0 0 0 -1.44573e-08 4.84882e-21 -2.73083e-08 -1.20478e-08 1.48852e-20 -4.49783e-08 -4.81911e-09 7.45353e-10 -4.49783e-08 4.81911e-09 7.45353e-10 -2.73083e-08 1.20478e-08 7.45353e-10 0 1.44573e-08
-2.88709e-11 -7.37961e-08 0 7.87776e-10 -7.37961e-08 0 -2.90586e-11 -7.42213e-08 0 7.87964e-10 -7.42213e-08 0 0 0 -1.47202e-08 4.8656e-21 -2.78048e-08 -1.22668e-08 1.51109e-20 -4.57961e-08 -4.90673e-09 7.58904e-10 -4.57961e-08 4.90673e-09 7.58904e-10 -2.78048e-08 1.22668e-08 7.58904e-10 0 1.47202e-08
-2.93867e-11 -7.51139e-08 0 8.01843e-10 -7.51139e-08 0 -2.95778e-11 -7.55466e-08 0 8.02034e-10 -7.55466e-08 0 0 0 -1.4983e-08 4.85336e-21 -2.83013e-08 -1.24859e-08 1.5282e-20 -4.66139e-08 -4.99435e-09 7.72457e-10 -4.66139e-08 4.99435e-09 7.72457e-10 -2.83013e-08 1.24859e-08 7.72457e-10 0 1.4983e-08
-2.99021e-11 -7.64317e-08 0 8.15911e-10 -7.64317e-08 0 -3.00966e-11 -7.6872e-08 0 8.16105e-10 -7.6872e-08 0 0 0 -1.52459e-08 4.86798e-21 -2.87978e-08 -1.27049e-08 1.55105e-20 -4.74317e-08 -5.08197e-09 7.86008e-10 -4.74317e-08 5.08197e-09 7.86008e-10 -2.87978e-08 1.27049e-08 7.86008e-10 0 1.52459e-08
-3.04175e-11 -7.77495e-08 0 8.29978e-10 -7.77495e-08 0 -3.06153e-11 -7.81974e-08 0 8.30176e-10 -7.81974e-08 0 0 0 -1.55088e-08 4.85021e-21 -2.92943e-08 -1.2924e-08 1.56776e-20 -4.82495e-08 -5.16959e-09 7.99561e-10 -4.82495e-08 5.16959e-09 7.99561e-10 -2.92943e-08 1.2924e-08 7.99561e-10 0 1.55088e-08
-3.09333e-11 -7.90673e-08 0 8.44045e-10 -7.90673e-08 0 -3.11344e-11 -7.95228e-08 0 8.44246e-10 -7.95228e-08 0 0 0 -1.57716e-08 4.8661e-21 -2.97909e-08 -1.3143e-08 1.59153e-20 -4.90673e-08 -5.25721e-09 8.13112e-10 -4.90673e-08 5.25721e-09 8.13112e-10 -2.97909e-08 1.3143e-08 8.13112e-10 0 1.57716e-08
-3.14486e-11 -8.03851e-08 0 8.58113e-10 -8.03851e-08 0 -3.16531e-11 -8.08482e-08 0 8.58317e-10 -8.08482e-08 0 0 0 -1.60345e-08 4.85351e-21 -3.02874e-08 -1.33621e-08 1.60999e-20 -4.98851e-08 -5.34483e-09 8.26664e-10 -4.98851e-08 5.34483e-09 8.26664e-10 -3.02874e-08 1.33621e-08 8.26664e-10 0 1.60345e-08
-3.19643e-11 -8.17029e-08 0 8.7218e-10 -8.17029e-08 0 -3.21721e-11 -8.21735e-08 0 8.72388e-10 -8.21735e-08 0 0 0 -1.62973e-08 4.85398e-21 -3.07839e-08 -1.35811e-08 1.63138e-20 -5.07029e-08 -5.43245e-09 8.40216e-10 -5.07029e-08 5.43245e-09 8.40216e-10 -3.07839e-08 1.35811e-08 8.40216e-10 0 1.62973e-08
-3.248e-11 -8.30206e-08 0 8.86248e-10 -8.30206e-08 0 -3.26912e-11 -8.34989e-08 0 8.86459e-10 -8.34989e-08 0 0 0 -1.65602e-08 4.85373e-21 -3.12804e-08 -1.38002e-08 1.65299e-20 -5.15206e-08 -5.52007e-09 8.53768e-10 -5.15206e-08 5.52007e-09 8.53768e-10 -3.12804e-08 1.38002e-08 8.53768e-10 0 1.65602e-08
-3.29956e-11 -8.43384e-08 0 9.00315e-10 -8.43384e-08 0 -3.32101e-11 -8.48243e-08 0 9.00529e-10 -8.48243e-08 0 0 0 -1.68231e-08 4.85474e-21 -3.17769e-08 -1.40192e-08 1.6752e-20 -5.23384e-08 -5.60769e-09 8.67319e-10 -5.23384e-08 5.60769e-09 8.67319e-10 -3.17769e-08 1.40192e-08 8.67319e-10 0 1.68231e-08
-3.35112e-11 -8.56562e-08 0 9.14382e-10 -8.56562e-08 0 -3.37291e-11 -8.61497e-08 0 9.146e-10 -8.61497e-08 0 0 0 -1.70859e-08 4.85471e-21 -3.22734e-08 -1.42383e-08 1.69755e-20 -5.31562e-08 -5.69531e-09 8.80871e-10 -5.31562e-08 5.69531e-09 8.80871e-10 -3.22734e-08 1.42383e-08 8.80871e-10 0 1.70859e-08
-3.40264e-11 -8.6974e-08 0 9.2845e-10 -8.6974e-08 0 -3.42476e-11 -8.7475e-08 0 9.28671e-10 -8.7475e-08 0 0 0 -1.73488e-08 4.85354e-21 -3.27699e-08 -1.44573e-08 1.72003e-20 -5.3974e-08 -5.78293e-09 8.94424e-10 -5.3974e-08 5.78293e-09 8.94424e-10 -3.27699e-08 1.44573e-08 8.94424e-10 0 1.73488e-08
-3.45419e-11 -8.82918e-08 0 9.42518e-10 -8.82918e-08 0 -3.47665e-11 -8.88004e-08 0 9.42742e-10 -8.88004e-08 0 0 0 -1.76116e-08 4.85103e-21 -3.32664e-08 -1.46764e-08 1.74258e-20 -5.47918e-08 -5.87055e-09 9.07976e-10 -5.47918e-08 5.87055e-09 9.07976e-10 -3.32664e-08 1.46764e-08 9.07976e-10 0 1.76116e-08
-3.50578e-11 -8.96096e-08 0 9.56585e-10 -8.96096e-08 0 -3.52858e-11 -9.01258e-08 0 9.56813e-10 -9.01258e-08 0 0 0 -1.78745e-08 4.85365e-21 -3.3763e-08 -1.48954e-08 1.7665e-20 -5.56096e-08 -5.95817e-09 9.21526e-10 -5.56096e-08 5.95817e-09 9.21526e-10 -3.3763e-08 1.48954e-08 9.21526e-10 0 1.78745e-08
-3.55733e-11 -9.09274e-08 0 9.70652e-10 -9.09274e-08 0 -3.58046e-11 -9.14512e-08 0 9.70883e-10 -9.14512e-08 0 0 0 -1.81374e-08 4.86773e-21 -3.42595e-08 -1.51145e-08 1.79308e-20 -5.64274e-08 -6.04579e-09 9.35079e-10 -5.64274e-08 6.04579e-09 9.35079e-10 -3.42595e-08 1.51145e-08 9.35079e-10 0 1.81374e-08
-3.60888e-11 -9.22452e-08 0 9.8472e-10 -9.22452e-08 0 -3.63234e-11 -9.27766e-08 0 9.84954e-10 -9.27766e-08 0 0 0 -1.84002e-08 4.86707e-21 -3.4756e-08 -1.53335e-08 1.81705e-20 -5.72452e-08 -6.13341e-09 9.48631e-10 -5.72452e-08 6.13341e-09 9.48631e-10 -3.4756e-08 1.53335e-08 9.48631e-10 0 1.84002e-08
-3.66042e-11 -9.3563e-08 0 9.98787e-10 -9.3563e-08 0 -3.68422e-11 -9.41019e-08 0 9.99025e-10 -9.41019e-08 0 0 0 -1.86631e-08 4.86829e-21 -3.52525e-08 -1.55526e-08 1.84175e-20 -5.8063e-08 -6.22103e-09 9.62183e-10 -5.8063e-08 6.22103e-09 9.62183e-10 -3.52525e-08 1.55526e-08 9.62183e-10 0 1.86631e-08
-3.712e-11 -9.48807e-08 0 1.01285e-09 -9.48807e-08 0 -3.73613e-11 -9.54273e-08 0 1.0131e-09 -9.54273e-08 0 0 0 -1.8926e-08 4.85591e-21 -3.5749e-08 -1.57716e-08 1.86407e-20 -5.88807e-08 -6.30865e-09 9.75734e-10 -5.88807e-08 6.30865e-09 9.75734e-10 -3.5749e-08 1.57716e-08 9.75734e-10 0 1.8926e-08
-3.76353e-11 -9.61985e-08 0 1.02692e-09 -9.61985e-08 0 -3.788e-11 -9.67527e-08 0 1.02717e-09 -9.67527e-08 0 0 0 -1.91888e-08 4.86992e-21 -3.62455e-08 -1.59907e-08 1.89203e-20 -5.96985e-08 -6.39627e-09 9.89286e-10 -5.96985e-08 6.39627e-09 9.89286e-10 -3.62455e-08 1.59907e-08 9.89286e-10 0 1.91888e-08
-3.8151e-11 -9.75163e-08 0 1.04099e-09 -9.75163e-08 0 -3.83991e-11 -9.80781e-08 0 1.04124e-09 -9.80781e-08 0 0 0 -1.94517e-08 4.85469e-21 -3.6742e-08 -1.62097e-08 1.91448e-20 -6.05163e-08 -6.48389e-09 1.00284e-09 -6.05163e-08 6.48389e-09 1.00284e-09 -3.6742e-08 1.62097e-08 1.00284e-09 0 1.94517e-08
-3.86663e-11 -9.88341e-08 0 1.05506e-09 -9.88341e-08 0 -3.89177e-11 -9.94035e-08 0 1.05531e-09 -9.94035e-08 0 0 0 -1.97145e-08 4.85353e-21 -3.72386e-08 -1.64288e-08 1.94011e-20 -6.13341e-08 -6.57151e-09 1.01639e-09 -6.13341e-08 6.57151e-09 1.01639e-09 -3.72386e-08 1.64288e-08 1.01639e-09 0 1.97145e-08
-3.91821e-11 -1.00152e-07 0 1.06912e-09 -1.00152e-07 0 -3.94368e-11 -1.00729e-07 0 1.06938e-09 -1.00729e-07 0 0 0 -1.99774e-08 4.85103e-21 -3.77351e-08 -1.66478e-08 1.9658e-20 -6.21519e-08 -6.65913e-09 1.02994e-09 -6.21519e-08 6.65913e-09 1.02994e-09 -3.77351e-08 1.66478e-08 1.02994e-09 0 1.99774e-08
-3.96977e-11 -1.0147e-07 0 1.08319e-09 -1.0147e-07 0 -3.99558e-11 -1.02054e-07 0 1.08345e-09 -1.02054e-07 0 0 0 -2.02403e-08 4.85504e-21 -3.82316e-08 -1.68669e-08 1.99315e-20 -6.29697e-08 -6.74675e-09 1.04349e-09 -6.29697e-08 6.74675e-09 1.04349e-09 -3.82316e-08 1.68669e-08 1.04349e-09 0 2.02403e-08
-4.02133e-11 -1.02787e-07 0 1.09726e-09 -1.02787e-07 0 -4.04747e-11 -1.0338e-07 0 1.09752e-09 -1.0338e-07 0 0 0 -2.05031e-08 4.85506e-21 -3.87281e-08 -1.70859e-08 2.02005e-20 -6.37875e-08 -6.83437e-09 1.05705e-09 -6.37875e-08 6.83437e-09 1.05705e-09 -3.87281e-08 1.70859e-08 1.05705e-09 0 2.05031e-08
-4.07289e-11 -1.04105e-07 0 1.11133e-09 -1.04105e-07 0 -4.09937e-11 -1.04705e-07 0 1.11159e-09 -1.04705e-07 0 0 0 -2.0766e-08 4.85539e-21 -3.92246e-08 -1.7305e-08 2.04737e-20 -6.46053e-08 -6.92199e-09 1.0706e-09 -6.46053e-08 6.92199e-09 1.0706e-09 -3.92246e-08 1.7305e-08 1.0706e-09 0 2.0766e-08
-4.12444e-11 -1.05423e-07 0 1.12539e-09 -1.05423e-07 0 -4.15126e-11 -1.0603e-07 0 1.12566e-09 -1.0603e-07 0 0 0 -2.10288e-08 4.85355e-21 -3.97211e-08 -1.7524e-08 2.0746e-20 -6.5423e-08 -7.00961e-09 1.08415e-09 -6.5423e-08 7.00961e-09 1.08415e-09 -3.97211e-08 1.7524e-08 1.08415e-09 0 2.10288e-08
-4.17599e-11 -1.06741e-07 0 1.13946e-09 -1.06741e-07 0 -4.20314e-11 -1.07356e-07 0 1.13973e-09 -1.07356e-07 0 0 0 -2.12917e-08 4.85559e-21 -4.02176e-08 -1.77431e-08 2.10295e-20 -6.62408e-08 -7.09723e-09 1.0977e-09 -6.62408e-08 7.09723e-09 1.0977e-09 -4.02176e-08 1.77431e-08 1.0977e-09 0 2.12917e-08
-4.22754e-11 -1.08059e-07 0 1.15353e-09 -1.08059e-07 0 -4.25502e-11 -1.08681e-07 0 1.1538e-09 -1.08681e-07 0 0 0 -2.15546e-08 4.85546e-21 -4.07142e-08 -1.79621e-08 2.13122e-20 -6.70586e-08 -7.18485e-09 1.11125e-09 -6.70586e-08 7.18485e-09 1.11125e-09 -4.07142e-08 1.79621e-08 1.11125e-09 0 2.15546e-08
-4.27908e-11 -1.09376e-07 0 1.1676e-09 -1.09376e-07 0 -4.3069e-11 -1.10007e-07 0 1.16787e-09 -1.10007e-07 0 0 0 -2.18174e-08 4.8554e-21 -4.12107e-08 -1.81812e-08 2.15986e-20 -6.78764e-08 -7.27247e-09 1.12481e-09 -6.78764e-08 7.27247e-09 1.12481e-09 -4.12107e-08 1.81812e-08 1.12481e-09 0 2.18174e-08
-4.33067e-11 -1.10694e-07 0 1.18166e-09 -1.10694e-07 0 -4.35883e-11 -1.11332e-07 0 1.18194e-09 -1.11332e-07 0 0 0 -2.20803e-08 4.85321e-21 -4.17072e-08 -1.84002e-08 2.1884e-20 -6.86942e-08 -7.36009e-09 1.13836e-09 -6.86942e-08 7.36009e-09 1.13836e-09 -4.17072e-08 1.84002e-08 1.13836e-09 0 2.20803e-08
-4.38221e-11 -1.12012e-07 0 1.19573e-09 -1.12012e-07 0 -4.4107e-11 -1.12657e-07 0 1.19602e-09 -1.12657e-07 0 0 0 -2.23431e-08 4.85326e-21 -4.22037e-08 -1.86193e-08 2.21777e-20 -6.9512e-08 -7.44771e-09 1.15191e-09 -6.9512e-08 7.44771e-09 1.15191e-09 -4.22037e-08 1.86193e-08 1.15191e-09 0 2.23431e-08
-4.43374e-11 -1.1333e-07 0 1.2098e-09 -1.1333e-07 0 -4.46257e-11 -1.13983e-07 0 1.21009e-09 -1.13983e-07 0 0 0 -2.2606e-08 4.85697e-21 -4.27002e-08 -1.88383e-08 2.2482e-20 -7.03298e-08 -7.53533e-09 1.16546e-09 -7.03298e-08 7.53533e-09 1.16546e-09 -4.27002e-08 1.88383e-08 1.16546e-09 0 2.2606e-08
-4.48532e-11 -1.14648e-07 0 1.22387e-09 -1.14648e-07 0 -4.51448e-11 -1.15308e-07 0 1.22416e-09 -1.15308e-07 0 0 0 -2.28689e-08 4.85385e-21 -4.31967e-08 -1.90574e-08 2.27761e-20 -7.11476e-08 -7.62295e-09 1.17901e-09 -7.11476e-08 7.62295e-09 1.17901e-09 -4.31967e-08 1.90574e-08 1.17901e-09 0 2.28689e-08
-4.53689e-11 -1.15965e-07 0 1.23793e-09 -1.15965e-07 0 -4.56639e-11 -1.16633e-07 0 1.23823e-09 -1.16633e-07 0 0 0 -2.31317e-08 4.85514e-21 -4.36932e-08 -1.92764e-08 2.30826e-20 -7.19653e-08 -7.71057e-09 1.19256e-09 -7.19653e-08 7.71057e-09 1.19256e-09 -4.36932e-08 1.92764e-08 1.19256e-09 0 2.31317e-08
-4.58841e-11 -1.17283e-07 0 1.252e-09 -1.17283e-07 0 -4.61825e-11 -1.17959e-07 0 1.2523e-09 -1.17959e-07 0 0 0 -2.33946e-08 4.85536e-21 -4.41898e-08 -1.94955e-08 2.33906e-20 -7.27831e-08 -7.79819e-09 1.20612e-09 -7.27831e-08 7.79819e-09 1.20612e-09 -4.41898e-08 1.94955e-08 1.20612e-09 0 2.33946e-08
-4.63998e-11 -1.18601e-07 0 1.26607e-09 -1.18601e-07 0 -4.67015e-11 -1.19284e-07 0 1.26637e-09 -1.19284e-07 0 0 0 -2.36574e-08 4.85257e-21 -4.46863e-08 -1.97145e-08 2.36958e-20 -7.36009e-08 -7.88581e-09 1.21967e-09 -7.36009e-08 7.88581e-09 1.21967e-09 -4.46863e-08 1.97145e-08 1.21967e-09 0 2.36574e-08
-4.69154e-11 -1.19919e-07 0 1.28014e-09 -1.19919e-07 0 -4.72204e-11 -1.2061e-07 0 1.28044e-09 -1.2061e-07 0 0 0 -2.39203e-08 4.8544e-21 -4.51828e-08 -1.99336e-08 2.40139e-20 -7.44187e-08 -7.97343e-09 1.23322e-09 -7.44187e-08 7.97343e-09 1.23322e-09 -4.51828e-08 1.99336e-08 1.23322e-09 0 2.39203e-08
-4.7431e-11 -1.21237e-07 0 1.2942e-09 -1.21237e-07 0 -4.77394e-11 -1.21935e-07 0 1.29451e-09 -1.21935e-07 0 0 0 -2.41832e-08 4.85411e-21 -4.56793e-08 -2.01526e-08 2.43312e-20 -7.52365e-08 -8.06105e-09 1.24677e-09 -7.52365e-08 8.06105e-09 1.24677e-09 -4.56793e-08 2.01526e-08 1.24677e-09 0 2.41832e-08
-4.79465e-11 -1.22554e-07 0 1.30827e-09 -1.22554e-07 0 -4.82583e-11 -1.2326e-07 0 1.30858e-09 -1.2326e-07 0 0 0 -2.4446e-08 4.8554e-21 -4.61758e-08 -2.03717e-08 2.46552e-20 -7.60543e-08 -8.14867e-09 1.26032e-09 -7.60543e-08 8.14867e-09 1.26032e-09 -4.61758e-08 2.03717e-08 1.26032e-09 0 2.4446e-08
-4.8462e-11 -1.23872e-07 0 1.32234e-09 -1.23872e-07 0 -4.87771e-11 -1.24586e-07 0 1.32265e-09 -1.24586e-07 0 0 0 -2.47089e-08 4.85788e-21 -4.66723e-08 -2.05907e-08 2.4985e-20 -7.68721e-08 -8.23629e-09 1.27388e-09 -7.68721e-08 8.23629e-09 1.27388e-09 -4.66723e-08 2.05907e-08 1.27388e-09 0 2.47089e-08
-4.89775e-11 -1.2519e-07 0 1.33641e-09 -1.2519e-07 0 -4.92959e-11 -1.25911e-07 0 1.33672e-09 -1.25911e-07 0 0 0 -2.49717e-08 4.85412e-21 -4.71688e-08 -2.08098e-08 2.53059e-20 -7.76899e-08 -8.32391e-09 1.28743e-09 -7.76899e-08 8.32391e-09 1.28743e-09 -4.71688e-08 2.08098e-08 1.28743e-09 0 2.49717e-08
-4.9493e-11 -1.26508e-07 0 1.35047e-09 -1.26508e-07 0 -4.98147e-11 -1.27236e-07 0 1.35079e-09 -1.27236e-07 0 0 0 -2.52346e-08 4.85572e-21 -4.76654e-08 -2.10288e-08 2.56409e-20 -7.85077e-08 -8.41153e-09 1.30098e-09 -7.85077e-08 8.41153e-09 1.30098e-09 -4.76654e-08 2.10288e-08 1.30098e-09 0 2.52346e-08
-5.00088e-11 -1.27825e-07 0 1.36454e-09 -1.27825e-07 0 -5.03339e-11 -1.28562e-07 0 1.36487e-09 -1.28562e-07 0 0 0 -2.54975e-08 4.85636e-21 -4.81619e-08 -2.12479e-08 2.59774e-20 -7.93254e-08 -8.49915e-09 1.31453e-09 -7.93254e-08 8.49915e-09 1.31453e-09 -4.81619e-08 2.12479e-08 1.31453e-09 0 2.54975e-08
-5.05241e-11 -1.29143e-07 0 1.37861e-09 -1.29143e-07 0 -5.08526e-11 -1.29887e-07 0 1.37894e-09 -1.29887e-07 0 0 0 -2.57603e-08 4.85445e-21 -4.86584e-08 -2.14669e-08 2.63126e-20 -8.01432e-08 -8.58677e-09 1.32808e-09 -8.01432e-08 8.58677e-09 1.32808e-09 -4.86584e-08 2.14669e-08 1.32808e-09 0 2.57603e-08
-5.10399e-11 -1.30461e-07 0 1.39267e-09 -1.30461e-07 0 -5.13718e-11 -1.31213e-07 0 1.39301e-09 -1.31213e-07 0 0 0 -2.60232e-08 4.85628e-21 -4.91549e-08 -2.1686e-08 2.66585e-20 -8.0961e-08 -8.67439e-09 1.34163e-09 -8.0961e-08 8.67439e-09 1.34163e-09 -4.91549e-08 2.1686e-08 1.34163e-09 0 2.60232e-08
-5.15552e-11 -1.31779e-07 0 1.40674e-09 -1.31779e-07 0 -5.18904e-11 -1.32538e-07 0 1.40708e-09 -1.32538e-07 0 0 0 -2.6286e-08 4.85555e-21 -4.96514e-08 -2.1905e-08 2.7003e-20 -8.17788e-08 -8.76201e-09 1.35519e-09 -8.17788e-08 8.76201e-09 1.35519e-09 -4.96514e-08 2.1905e-08 1.35519e-09 0 2.6286e-08
